81 2 0.016015625 0.09513888888888888 0.02890625 0.18472222222222223
82 2 0.0140625 0.08958333333333333 0.028125 0.1736111111111111
83 2 0.016015625 0.09027777777777778 0.03203125 0.17222222222222222
84 2 0.016796875 0.08819444444444445 0.03359375 0.1736111111111111
85 2 0.013671875 0.0875 0.02734375 0.16944444444444445
86 2 0.016015625 0.08888888888888889 0.03203125 0.17222222222222222
87 2 0.015234375 0.08958333333333333 0.03046875 0.17083333333333334
88 2 0.016015625 0.09097222222222222 0.03203125 0.17083333333333334
89 2 0.01484375 0.09027777777777778 0.0296875 0.1638888888888889
90 2 0.015234375 0.08541666666666667 0.03046875 0.16805555555555557
91 2 0.01484375 0.08888888888888889 0.0296875 0.17222222222222222
92 2 0.016796875 0.09027777777777778 0.03359375 0.16666666666666666
93 2 0.015234375 0.08680555555555555 0.03046875 0.16527777777777777
94 2 0.016015625 0.08958333333333333 0.03203125 0.16805555555555557
95 2 0.01640625 0.0875 0.0328125 0.16944444444444445
96 2 0.0195312 0.0861111 0.0390625 0.172222
97 2 0.0203125 0.0854167 0.040625 0.170833
98 2 0.0199219 0.0902778 0.0398437 0.180556
99 2 0.0207031 0.0895833 0.0414063 0.179167
100 2 0.0210938 0.0895833 0.0421875 0.179167
101 2 0.0214844 0.0895833 0.0414063 0.179167
102 2 0.022265625 0.08541666666666667 0.04453125 0.1597222222222222
103 2 0.0222656 0.0861111 0.0429688 0.172222
104 2 0.0226563 0.0854167 0.04375 0.170833
105 2 0.0234375 0.08125 0.0453125 0.1625
106 2 0.0246094 0.0826389 0.0476562 0.165278
107 2 0.0257812 0.0791667 0.0515625 0.158333
108 2 0.0261719 0.0784722 0.0523437 0.156944
109 2 0.0265625 0.0777778 0.053125 0.155556
110 2 0.0269531 0.0784722 0.0539063 0.156944
111 2 0.0273438 0.0777778 0.0546875 0.155556
112 2 0.028125 0.0770833 0.05625 0.154167
113 2 0.0285156 0.0756944 0.0570313 0.151389
114 2 0.03125 0.0743056 0.0625 0.148611
115 2 0.03125 0.0743056 0.0625 0.148611
116 2 0.03125 0.0736111 0.0625 0.147222
117 2 0.0316406 0.0722222 0.0632813 0.144444
118 2 0.0316406 0.0743056 0.0632813 0.148611
119 2 0.0335938 0.0743056 0.0671875 0.148611
120 2 0.0339844 0.0736111 0.0664062 0.147222
121 2 0.032421875 0.07569444444444444 0.06484375 0.14583333333333334
122 2 0.02890625 0.07430555555555556 0.0578125 0.14305555555555555
123 2 0.028515625 0.0763888888888889 0.05390625 0.14444444444444443
124 2 0.028515625 0.075 0.05546875 0.14444444444444443
125 2 0.030078125 0.075 0.05703125 0.1388888888888889
126 2 0.0378906 0.0770833 0.0648438 0.154167
127 2 0.03125 0.07222222222222222 0.0609375 0.14444444444444443
128 2 0.02890625 0.0763888888888889 0.05625 0.14722222222222223
129 2 0.029296875 0.07569444444444444 0.05859375 0.14305555555555555
130 2 0.034375 0.0729167 0.065625 0.145833
131 2 0.032421875 0.07291666666666667 0.05859375 0.14305555555555555
132 2 0.028515625 0.07569444444444444 0.05390625 0.14583333333333334
133 2 0.028515625 0.07430555555555556 0.05390625 0.14305555555555555
134 2 0.0296875 0.07222222222222222 0.0546875 0.14444444444444443
135 2 0.027734375 0.07430555555555556 0.05546875 0.14027777777777778
136 2 0.02890625 0.07361111111111111 0.0578125 0.14166666666666666
137 2 0.028125 0.07430555555555556 0.0546875 0.14027777777777778
138 2 0.027734375 0.07569444444444444 0.05546875 0.13472222222222222
139 2 0.028515625 0.07361111111111111 0.05546875 0.14444444444444443
140 2 0.02890625 0.075 0.0546875 0.14722222222222223
141 2 0.027734375 0.07291666666666667 0.05546875 0.1375
142 2 0.03125 0.075 0.059375 0.14444444444444443
143 2 0.0332031 0.0715278 0.0617188 0.143056
144 2 0.02890625 0.07361111111111111 0.053125 0.14166666666666666
145 2 0.0332031 0.0729167 0.0617188 0.145833
146 2 0.02734375 0.07708333333333334 0.0546875 0.1486111111111111
147 2 0.0332031 0.0722222 0.0617188 0.144444
148 2 0.0332031 0.0729167 0.0617188 0.145833
149 2 0.030078125 0.07569444444444444 0.05703125 0.14583333333333334
150 2 0.0351562 0.0756944 0.059375 0.151389
150 2 0.017578125 0.2902777777777778 0.03515625 0.23333333333333334
151 2 0.0351562 0.0756944 0.059375 0.151389
151 2 0.020703125 0.2916666666666667 0.04140625 0.22777777777777777
152 2 0.018359375 0.28958333333333336 0.03671875 0.24305555555555555
152 2 0.029296875 0.07569444444444444 0.05703125 0.1486111111111111
153 2 0.0335938 0.0729167 0.0625 0.145833
153 2 0.019140625 0.2951388888888889 0.03828125 0.24027777777777778
154 2 0.0332031 0.0736111 0.0617188 0.147222
154 2 0.017578125 0.2881944444444444 0.03515625 0.24027777777777778
155 2 0.01875 0.2916666666666667 0.0375 0.22777777777777777
155 2 0.030859375 0.075 0.05703125 0.15
156 2 0.030859375 0.07291666666666667 0.05859375 0.14583333333333334
156 2 0.01875 0.29375 0.0375 0.2263888888888889
157 2 0.0195312 0.286111 0.0390625 0.238889
157 2 0.03046875 0.075 0.0609375 0.14444444444444443
158 2 0.0203125 0.285417 0.040625 0.243056
158 2 0.03125 0.07430555555555556 0.0578125 0.14027777777777778
159 2 0.0210938 0.284722 0.0421875 0.247222
159 2 0.030078125 0.0763888888888889 0.06015625 0.14722222222222223
160 2 0.0207031 0.2875 0.0414063 0.261111
160 2 0.030859375 0.07777777777777778 0.05390625 0.15
161 2 0.0214844 0.285417 0.0429688 0.268056
161 2 0.030859375 0.07430555555555556 0.05703125 0.14305555555555555
162 2 0.0226563 0.284028 0.0453125 0.273611
162 2 0.03203125 0.06875 0.053125 0.13472222222222222
163 2 0.0234375 0.281944 0.046875 0.272222
163 2 0.03203125 0.07013888888888889 0.05625 0.13472222222222222
164 2 0.0242187 0.28125 0.0484375 0.273611
164 2 0.03359375 0.07222222222222222 0.046875 0.14166666666666666
165 2 0.0242187 0.280556 0.0484375 0.272222
165 2 0.032421875 0.06875 0.05546875 0.1375
166 2 0.0246094 0.280556 0.0492188 0.272222
166 2 0.034375 0.07222222222222222 0.0546875 0.1388888888888889
167 2 0.0246094 0.280556 0.0492188 0.272222
167 2 0.03359375 0.07152777777777777 0.05625 0.14027777777777778
168 2 0.0242187 0.28125 0.0484375 0.273611
168 2 0.03515625 0.07083333333333333 0.05 0.1361111111111111
169 2 0.0242187 0.280556 0.0484375 0.275
169 2 0.035546875 0.07361111111111111 0.05546875 0.14166666666666666
170 2 0.0242187 0.280556 0.0484375 0.275
170 2 0.034765625 0.07083333333333333 0.05078125 0.1361111111111111
171 2 0.0242187 0.280556 0.0484375 0.275
171 2 0.03359375 0.07083333333333333 0.05 0.1388888888888889
172 2 0.0242187 0.281944 0.0484375 0.277778
172 2 0.03671875 0.07152777777777777 0.053125 0.1375
173 2 0.0242187 0.280556 0.0484375 0.275
173 2 0.0359375 0.07430555555555556 0.0515625 0.14027777777777778
174 2 0.0242187 0.28125 0.0484375 0.273611
174 2 0.03203125 0.07083333333333333 0.05 0.1361111111111111
175 2 0.0242187 0.28125 0.0484375 0.273611
175 2 0.034375 0.06805555555555555 0.0515625 0.13333333333333333
176 2 0.0242187 0.280556 0.0484375 0.272222
176 2 0.033203125 0.07361111111111111 0.05078125 0.14444444444444443
177 2 0.0351562 0.0715278 0.0578125 0.143056
177 2 0.0242187 0.28125 0.0484375 0.270833
178 2 0.0351562 0.0722222 0.05625 0.144444
178 2 0.0242187 0.280556 0.0484375 0.269444
179 2 0.0382813 0.0743056 0.0546875 0.148611
179 2 0.0242187 0.280556 0.0484375 0.269444
180 2 0.0242187 0.280556 0.0484375 0.272222
180 2 0.0390625 0.0722222 0.0640625 0.144444
181 2 0.0414063 0.075 0.059375 0.15
181 2 0.0242187 0.28125 0.0484375 0.273611
182 2 0.0242187 0.28125 0.0484375 0.273611
182 2 0.042578125 0.07291666666666667 0.06328125 0.14305555555555555
183 2 0.0453125 0.0708333 0.06875 0.141667
183 2 0.0242187 0.28125 0.0484375 0.273611
184 2 0.0488281 0.0694444 0.0726563 0.138889
184 2 0.0242187 0.28125 0.0484375 0.273611
185 2 0.0519531 0.0694444 0.0757812 0.138889
185 2 0.0242187 0.28125 0.0484375 0.273611
186 2 0.0242187 0.28125 0.0484375 0.273611
186 2 0.04921875 0.07083333333333333 0.053125 0.1388888888888889
187 2 0.0550781 0.0680556 0.0695312 0.136111
187 2 0.0242187 0.280556 0.0484375 0.272222
188 2 0.0242187 0.281944 0.0484375 0.277778
188 2 0.053515625 0.07013888888888889 0.05859375 0.13472222222222222
189 2 0.025 0.279861 0.0484375 0.273611
189 2 0.051953125 0.07013888888888889 0.04765625 0.1375
190 2 0.0246094 0.280556 0.0492188 0.275
190 2 0.053125 0.07152777777777777 0.0484375 0.14027777777777778
191 2 0.0238281 0.284028 0.0476562 0.2625
191 2 0.055078125 0.07083333333333333 0.04765625 0.1361111111111111
192 2 0.0238281 0.286111 0.0476562 0.255556
192 2 0.0546875 0.07013888888888889 0.0484375 0.13472222222222222
193 2 0.025 0.290278 0.05 0.241667
193 2 0.055078125 0.07083333333333333 0.04296875 0.1361111111111111
194 2 0.0257812 0.292361 0.0515625 0.2375
194 2 0.055859375 0.06805555555555555 0.03984375 0.1361111111111111
195 2 0.0269531 0.290278 0.0539063 0.236111
195 2 0.0578125 0.06944444444444445 0.0421875 0.1388888888888889
196 2 0.0269531 0.2875 0.0539063 0.238889
196 2 0.06171875 0.07222222222222222 0.046875 0.1388888888888889
197 2 0.0265625 0.286111 0.053125 0.252778
197 2 0.064453125 0.06944444444444445 0.04921875 0.13333333333333333
198 2 0.0265625 0.282639 0.053125 0.256944
198 2 0.065625 0.06875 0.0515625 0.13194444444444445
199 2 0.0289063 0.278472 0.0578125 0.276389
199 2 0.066015625 0.06736111111111111 0.05078125 0.13472222222222222
200 2 0.0296875 0.277083 0.059375 0.279167
200 2 0.068359375 0.06805555555555555 0.05078125 0.1361111111111111
201 2 0.0296875 0.275 0.059375 0.280556
201 2 0.069921875 0.06944444444444445 0.04765625 0.1388888888888889
202 2 0.0300781 0.275694 0.0601562 0.281944
202 2 0.071484375 0.07013888888888889 0.04921875 0.13472222222222222
203 2 0.0300781 0.275 0.0601562 0.280556
203 2 0.070703125 0.06527777777777778 0.04921875 0.13055555555555556
204 2 0.0300781 0.276389 0.0601562 0.283333
204 2 0.071484375 0.06736111111111111 0.04921875 0.13194444444444445
205 2 0.0300781 0.275694 0.0601562 0.281944
205 2 0.073046875 0.06805555555555555 0.04453125 0.12777777777777777
206 2 0.0300781 0.275694 0.0601562 0.281944
206 2 0.071875 0.06875 0.0421875 0.12916666666666668
207 2 0.0300781 0.275 0.0601562 0.280556
207 2 0.07109375 0.06805555555555555 0.05 0.13055555555555556
208 2 0.0304688 0.275 0.0609375 0.280556
208 2 0.0703125 0.06805555555555555 0.0484375 0.13055555555555556
209 2 0.0304688 0.275694 0.0609375 0.281944
209 2 0.06875 0.06805555555555555 0.0515625 0.13055555555555556
210 2 0.0304688 0.276389 0.0609375 0.283333
210 2 0.06796875 0.06805555555555555 0.05 0.13055555555555556
211 2 0.0300781 0.275694 0.0601562 0.281944
211 2 0.067578125 0.06527777777777778 0.05078125 0.12777777777777777
212 2 0.0300781 0.276389 0.0601562 0.283333
212 2 0.066796875 0.07013888888888889 0.04921875 0.1375
213 2 0.0300781 0.277083 0.0601562 0.284722
213 2 0.06484375 0.06875 0.05625 0.1375
214 2 0.0300781 0.275694 0.0601562 0.281944
214 2 0.065625 0.06805555555555555 0.0578125 0.13333333333333333
215 2 0.0300781 0.276389 0.0601562 0.283333
215 2 0.06640625 0.06805555555555555 0.059375 0.13055555555555556
216 2 0.0304688 0.277083 0.0609375 0.284722
216 2 0.06640625 0.06875 0.059375 0.13194444444444445
217 2 0.0300781 0.276389 0.0601562 0.283333
217 2 0.065234375 0.06527777777777778 0.06015625 0.125
218 2 0.0300781 0.277083 0.0601562 0.284722
218 2 0.065625 0.06597222222222222 0.0640625 0.12916666666666668
219 2 0.0300781 0.277778 0.0601562 0.286111
219 2 0.065625 0.06666666666666667 0.0640625 0.13055555555555556
220 2 0.0300781 0.276389 0.0601562 0.283333
220 2 0.064453125 0.06527777777777778 0.06484375 0.13055555555555556
221 2 0.0300781 0.277083 0.0601562 0.284722
221 2 0.06640625 0.06736111111111111 0.0640625 0.12916666666666668
222 2 0.0300781 0.276389 0.0601562 0.283333
222 2 0.0640625 0.06597222222222222 0.0671875 0.12916666666666668
223 2 0.0292969 0.277083 0.0585938 0.284722
223 2 0.066796875 0.07013888888888889 0.06953125 0.1375
224 2 0.0296875 0.275 0.059375 0.277778
224 2 0.066796875 0.06875 0.07265625 0.13194444444444445
225 2 0.0265625 0.279167 0.0515625 0.277778
225 2 0.06640625 0.06805555555555555 0.071875 0.13333333333333333
226 2 0.0257812 0.28125 0.0515625 0.268056
226 2 0.06796875 0.06805555555555555 0.075 0.13333333333333333
227 2 0.025 0.284722 0.05 0.258333
227 2 0.06875 0.06736111111111111 0.071875 0.13472222222222222
228 2 0.0242187 0.285417 0.0484375 0.256944
228 2 0.0671875 0.06736111111111111 0.0671875 0.13472222222222222
229 2 0.0238281 0.286806 0.0476562 0.256944
229 2 0.065234375 0.06875 0.07109375 0.13194444444444445
230 2 0.0238281 0.286806 0.0476562 0.254167
230 2 0.065625 0.06805555555555555 0.071875 0.13055555555555556
231 2 0.0238281 0.2875 0.0476562 0.247222
231 2 0.067578125 0.06666666666666667 0.06796875 0.13333333333333333
232 2 0.0238281 0.2875 0.0476562 0.25
232 2 0.06796875 0.06805555555555555 0.06875 0.1361111111111111
233 2 0.0238281 0.288194 0.0476562 0.248611
233 2 0.069140625 0.07152777777777777 0.06796875 0.12916666666666668
234 2 0.0238281 0.288194 0.0476562 0.245833
234 2 0.069140625 0.06805555555555555 0.06796875 0.13055555555555556
235 2 0.0238281 0.2875 0.0476562 0.244444
235 2 0.06953125 0.06736111111111111 0.065625 0.12916666666666668
236 2 0.0675781 0.0611111 0.0757812 0.122222
236 2 0.0242187 0.288194 0.0484375 0.243056
237 2 0.0703125 0.0625 0.0765625 0.125
237 2 0.0238281 0.2875 0.0476562 0.241667
238 2 0.071875 0.0611111 0.0765625 0.122222
238 2 0.0238281 0.2875 0.0476562 0.244444
239 2 0.0242187 0.288194 0.0484375 0.245833
239 2 0.075 0.06666666666666667 0.0765625 0.13333333333333333
240 2 0.0242187 0.2875 0.0484375 0.247222
240 2 0.073828125 0.06597222222222222 0.07421875 0.12638888888888888
241 2 0.0238281 0.288194 0.0476562 0.245833
241 2 0.07265625 0.06597222222222222 0.075 0.13194444444444445
242 2 0.0242187 0.288194 0.0484375 0.245833
242 2 0.073828125 0.06736111111111111 0.07421875 0.12916666666666668
243 2 0.0242187 0.286806 0.0484375 0.245833
243 2 0.07265625 0.06666666666666667 0.075 0.12777777777777777
244 2 0.0242187 0.2875 0.0484375 0.244444
244 2 0.075 0.06527777777777778 0.0796875 0.125
245 2 0.0242187 0.288194 0.0484375 0.245833
245 2 0.074609375 0.06388888888888888 0.07890625 0.12777777777777777
246 2 0.0242187 0.2875 0.0484375 0.247222
246 2 0.074609375 0.06666666666666667 0.07890625 0.13333333333333333
247 2 0.0242187 0.286806 0.0484375 0.245833
247 2 0.073828125 0.06736111111111111 0.08046875 0.13194444444444445
248 2 0.0238281 0.2875 0.0476562 0.247222
248 2 0.0734375 0.06597222222222222 0.0796875 0.12916666666666668
249 2 0.0238281 0.288194 0.0476562 0.245833
249 2 0.0734375 0.06666666666666667 0.0796875 0.12777777777777777
250 2 0.0238281 0.2875 0.0476562 0.247222
250 2 0.07421875 0.06666666666666667 0.08125 0.12777777777777777
251 2 0.0238281 0.288194 0.0476562 0.248611
251 2 0.07421875 0.06597222222222222 0.08125 0.12916666666666668
252 2 0.0238281 0.288194 0.0476562 0.245833
252 2 0.0734375 0.06458333333333334 0.0796875 0.12638888888888888
253 2 0.0238281 0.288194 0.0476562 0.245833
253 2 0.071484375 0.06388888888888888 0.07890625 0.125
254 2 0.0238281 0.288194 0.0476562 0.245833
254 2 0.07421875 0.06388888888888888 0.084375 0.125
255 2 0.075 0.0583333 0.0890625 0.116667
255 2 0.0238281 0.288194 0.0476562 0.248611
256 2 0.0738281 0.0583333 0.0914062 0.116667
256 2 0.0242187 0.2875 0.0484375 0.247222
257 2 0.0734375 0.0583333 0.0921875 0.116667
257 2 0.0238281 0.2875 0.0476562 0.247222
258 2 0.0738281 0.0583333 0.0914062 0.116667
258 2 0.0238281 0.288194 0.0476562 0.245833
259 2 0.0730469 0.0583333 0.0929687 0.116667
259 2 0.0238281 0.288194 0.0476562 0.248611
260 2 0.0238281 0.2875 0.0476562 0.247222
260 2 0.069140625 0.06527777777777778 0.09140625 0.13055555555555556
261 2 0.0726563 0.0576389 0.09375 0.115278
261 2 0.0234375 0.288194 0.046875 0.248611
262 2 0.0730469 0.05625 0.0960938 0.1125
262 2 0.0234375 0.2875 0.046875 0.247222
263 2 0.071875 0.0569444 0.096875 0.113889
263 2 0.0234375 0.288194 0.046875 0.245833
264 2 0.071875 0.0611111 0.0984375 0.122222
264 2 0.0234375 0.288194 0.046875 0.248611
265 2 0.071875 0.0583333 0.0953125 0.116667
265 2 0.0234375 0.288194 0.046875 0.248611
266 2 0.0714844 0.0583333 0.0976562 0.116667
266 2 0.0234375 0.288194 0.046875 0.248611
267 2 0.0722656 0.0590278 0.0960938 0.118056
267 2 0.0234375 0.288194 0.046875 0.248611
268 2 0.0722656 0.0583333 0.0976562 0.116667
268 2 0.0238281 0.2875 0.0476562 0.247222
269 2 0.0722656 0.0590278 0.0976562 0.118056
269 2 0.0234375 0.288194 0.046875 0.245833
270 2 0.0722656 0.0590278 0.0976562 0.118056
270 2 0.0234375 0.2875 0.046875 0.247222
271 2 0.0714844 0.0583333 0.0945313 0.116667
271 2 0.0234375 0.288194 0.046875 0.248611
272 2 0.071875 0.0583333 0.096875 0.116667
272 2 0.0234375 0.288194 0.046875 0.245833
273 2 0.0707031 0.0576389 0.0898438 0.115278
273 2 0.0234375 0.288194 0.046875 0.248611
274 2 0.0714844 0.0583333 0.0945313 0.116667
274 2 0.0234375 0.288194 0.046875 0.248611
275 2 0.071875 0.0590278 0.0953125 0.118056
275 2 0.0238281 0.2875 0.0476562 0.247222
276 2 0.0722656 0.0583333 0.0960938 0.116667
276 2 0.0234375 0.2875 0.046875 0.25
277 2 0.071875 0.0590278 0.09375 0.118056
277 2 0.0234375 0.288194 0.046875 0.248611
278 2 0.071875 0.0583333 0.0921875 0.116667
278 2 0.0234375 0.288194 0.046875 0.248611
279 2 0.0722656 0.0583333 0.0945313 0.116667
279 2 0.0234375 0.288194 0.046875 0.248611
280 2 0.0726563 0.0590278 0.09375 0.118056
280 2 0.0234375 0.2875 0.046875 0.247222
281 2 0.0726563 0.0583333 0.09375 0.116667
281 2 0.0234375 0.2875 0.046875 0.247222
282 2 0.0722656 0.0583333 0.0945313 0.116667
282 2 0.0234375 0.288194 0.046875 0.248611
283 2 0.071875 0.0590278 0.09375 0.118056
283 2 0.0234375 0.2875 0.046875 0.247222
284 2 0.071875 0.0583333 0.09375 0.116667
284 2 0.0234375 0.288194 0.046875 0.245833
285 2 0.0722656 0.0583333 0.0929687 0.116667
285 2 0.0234375 0.288889 0.046875 0.247222
286 2 0.071875 0.0583333 0.09375 0.116667
286 2 0.0234375 0.288194 0.046875 0.248611
287 2 0.071875 0.0590278 0.0921875 0.118056
287 2 0.0230469 0.288889 0.0460938 0.247222
288 2 0.071875 0.0590278 0.09375 0.118056
288 2 0.0230469 0.288194 0.0460938 0.245833
289 2 0.0722656 0.0583333 0.0929687 0.116667
289 2 0.0234375 0.288194 0.046875 0.245833
290 2 0.0714844 0.0590278 0.0929687 0.118056
290 2 0.0234375 0.288194 0.046875 0.248611
291 2 0.0722656 0.0590278 0.0945313 0.118056
291 2 0.0230469 0.2875 0.0460938 0.247222
292 2 0.0722656 0.0590278 0.0945313 0.118056
292 2 0.0230469 0.288194 0.0460938 0.245833
293 2 0.071875 0.0590278 0.0953125 0.118056
293 2 0.0230469 0.288889 0.0460938 0.247222
294 2 0.0714844 0.0590278 0.0929687 0.118056
294 2 0.0230469 0.288194 0.0460938 0.245833
295 2 0.071875 0.0590278 0.09375 0.118056
295 2 0.0230469 0.288194 0.0460938 0.248611
296 2 0.0726563 0.0583333 0.09375 0.116667
296 2 0.0230469 0.288194 0.0460938 0.248611
297 2 0.0722656 0.0583333 0.0929687 0.116667
297 2 0.0230469 0.288194 0.0460938 0.248611
298 2 0.0722656 0.0583333 0.0929687 0.116667
298 2 0.0230469 0.288194 0.0460938 0.248611
299 2 0.0726563 0.0583333 0.0921875 0.116667
299 2 0.0230469 0.288194 0.0460938 0.248611
300 2 0.0730469 0.0583333 0.0929687 0.116667
300 2 0.0230469 0.288194 0.0460938 0.248611
301 2 0.0730469 0.0590278 0.0914062 0.118056
301 2 0.0230469 0.288194 0.0460938 0.248611
302 2 0.0722656 0.0590278 0.0929687 0.118056
302 2 0.0230469 0.288194 0.0460938 0.248611
303 2 0.0722656 0.0583333 0.0914062 0.116667
303 2 0.0230469 0.288889 0.0460938 0.247222
304 2 0.0722656 0.0583333 0.0914062 0.116667
304 2 0.0226563 0.288889 0.0453125 0.25
305 2 0.0714844 0.0583333 0.0929687 0.116667
305 2 0.0230469 0.288889 0.0460938 0.25
306 2 0.0714844 0.0583333 0.0929687 0.116667
306 2 0.0230469 0.288194 0.0460938 0.248611
307 2 0.071875 0.0583333 0.0921875 0.116667
307 2 0.0230469 0.288889 0.0460938 0.247222
308 2 0.071875 0.0583333 0.09375 0.116667
308 2 0.0230469 0.288889 0.0460938 0.247222
309 2 0.071875 0.0583333 0.09375 0.116667
309 2 0.0230469 0.288194 0.0460938 0.248611
310 2 0.071875 0.0583333 0.09375 0.116667
310 2 0.0230469 0.288194 0.0460938 0.248611
311 2 0.071875 0.0590278 0.09375 0.118056
311 2 0.0230469 0.2875 0.0460938 0.247222
312 2 0.071875 0.0590278 0.09375 0.118056
312 2 0.0230469 0.288194 0.0460938 0.248611
313 2 0.0722656 0.0590278 0.0960938 0.118056
313 2 0.0230469 0.288194 0.0460938 0.248611
314 2 0.0726563 0.0590278 0.0953125 0.118056
314 2 0.0230469 0.2875 0.0460938 0.247222
315 2 0.0726563 0.0590278 0.09375 0.118056
315 2 0.0230469 0.2875 0.0460938 0.247222
316 2 0.0722656 0.0590278 0.0929687 0.118056
316 2 0.0234375 0.288194 0.046875 0.245833
317 2 0.0726563 0.0590278 0.09375 0.118056
317 2 0.0226563 0.288194 0.0453125 0.248611
318 2 0.0726563 0.0583333 0.09375 0.116667
318 2 0.0226563 0.288889 0.0453125 0.247222
319 2 0.0714844 0.0618056 0.0945313 0.123611
319 2 0.0199219 0.290972 0.0398437 0.248611
320 2 0.0191406 0.288194 0.0382813 0.2375
320 2 0.071875 0.0631944 0.0984375 0.126389
321 2 0.071875 0.0631944 0.096875 0.126389
321 2 0.017578125 0.30694444444444446 0.03515625 0.20555555555555555
322 2 0.0714844 0.0625 0.0976562 0.125
322 2 0.018359375 0.30486111111111114 0.03671875 0.2125
323 2 0.0714844 0.0625 0.0976562 0.125
323 2 0.019140625 0.30833333333333335 0.03828125 0.19722222222222222
324 2 0.0703125 0.0604167 0.096875 0.120833
324 2 0.019921875 0.3125 0.03984375 0.18888888888888888
325 2 0.0710938 0.0631944 0.0953125 0.126389
325 2 0.017578125 0.3090277777777778 0.03515625 0.1875
326 2 0.0707031 0.0631944 0.0976562 0.126389
326 2 0.018359375 0.3125 0.03671875 0.18611111111111112
327 2 0.0703125 0.0631944 0.1 0.126389
327 2 0.019921875 0.30486111111111114 0.03984375 0.19027777777777777
328 2 0.0703125 0.0631944 0.0984375 0.126389
328 2 0.01875 0.3104166666666667 0.0375 0.20416666666666666
329 2 0.0699219 0.0625 0.100781 0.125
329 2 0.019140625 0.30694444444444446 0.03828125 0.19722222222222222
330 2 0.0179687 0.292361 0.034375 0.220833
330 2 0.0703125 0.0631944 0.1 0.126389
331 2 0.01875 0.293056 0.034375 0.222222
331 2 0.0699219 0.0631944 0.102344 0.126389
332 2 0.0191406 0.29375 0.0351562 0.220833
332 2 0.0699219 0.0631944 0.102344 0.126389
333 2 0.01875 0.295833 0.0359375 0.219444
333 2 0.0695312 0.0631944 0.1 0.126389
334 2 0.0191406 0.299306 0.0351562 0.226389
334 2 0.0695312 0.0631944 0.101562 0.126389
335 2 0.0691406 0.0631944 0.100781 0.126389
335 2 0.0171875 0.34097222222222223 0.034375 0.22083333333333333
336 2 0.0695312 0.0631944 0.101562 0.126389
336 2 0.016796875 0.3402777777777778 0.03359375 0.21388888888888888
337 2 0.0695312 0.0638889 0.101562 0.127778
337 2 0.01640625 0.35347222222222224 0.0328125 0.19305555555555556
338 2 0.0695312 0.0631944 0.101562 0.126389
339 2 0.0695312 0.0638889 0.101562 0.127778
340 2 0.0707031 0.0631944 0.100781 0.126389
341 2 0.0703125 0.0638889 0.1 0.127778
342 2 0.0703125 0.0638889 0.1 0.127778
343 2 0.0707031 0.0631944 0.0992187 0.126389
344 2 0.0710938 0.0638889 0.096875 0.127778
344 2 0.023828125 0.38125 0.04765625 0.17916666666666667
345 2 0.0707031 0.0638889 0.0992187 0.127778
345 2 0.023046875 0.36944444444444446 0.04609375 0.18888888888888888
346 2 0.0710938 0.0631944 0.0984375 0.126389
346 2 0.023828125 0.36180555555555555 0.04765625 0.20416666666666666
347 2 0.0707031 0.0631944 0.0992187 0.126389
347 2 0.023828125 0.3597222222222222 0.04765625 0.2
348 2 0.0191406 0.343056 0.0351562 0.233333
348 2 0.0707031 0.0631944 0.0992187 0.126389
349 2 0.0214844 0.354167 0.0398437 0.219444
349 2 0.0707031 0.0631944 0.0976562 0.126389
350 2 0.0226563 0.35625 0.040625 0.2125
350 2 0.0703125 0.0631944 0.096875 0.126389
351 2 0.021875 0.3625 0.04375 0.202778
351 2 0.0707031 0.0631944 0.0976562 0.126389
352 2 0.0230469 0.351389 0.0429688 0.222222
352 2 0.0703125 0.0604167 0.096875 0.120833
353 2 0.0234375 0.356944 0.046875 0.219444
353 2 0.0707031 0.0631944 0.0976562 0.126389
354 2 0.0695312 0.0631944 0.096875 0.126389
354 2 0.025 0.359722 0.0484375 0.219444
355 2 0.06875 0.0631944 0.1 0.126389
355 2 0.0269531 0.359722 0.0539063 0.222222
356 2 0.0683594 0.0652778 0.105469 0.130556
356 2 0.0257812 0.364583 0.0515625 0.215278
357 2 0.0695312 0.0694444 0.109375 0.138889
357 2 0.0261719 0.367361 0.0507812 0.2125
358 2 0.0257812 0.366667 0.0515625 0.205556
358 2 0.06796875 0.06527777777777778 0.096875 0.13055555555555556
359 2 0.06875 0.0631944 0.0984375 0.126389
359 2 0.0257812 0.368056 0.0515625 0.205556
360 2 0.0683594 0.0631944 0.0945313 0.126389
360 2 0.0320312 0.374306 0.0640625 0.215278
361 2 0.0363281 0.375694 0.0726563 0.215278
361 2 0.0671875 0.06388888888888888 0.0953125 0.12777777777777777
362 2 0.0386719 0.379861 0.0773437 0.220833
362 2 0.066796875 0.06805555555555555 0.09453125 0.1361111111111111
363 2 0.0652344 0.0659722 0.0945313 0.131944
363 2 0.0414063 0.399306 0.0828125 0.279167
364 2 0.0628906 0.0652778 0.0898438 0.130556
364 2 0.04375 0.399306 0.0875 0.259722
365 2 0.0613281 0.0645833 0.0882813 0.129167
365 2 0.0460938 0.404167 0.0921875 0.255556
366 2 0.059375 0.0680556 0.0875 0.136111
366 2 0.0484375 0.40625 0.096875 0.248611
367 2 0.0566406 0.0729167 0.0804688 0.145833
367 2 0.0519531 0.395139 0.103906 0.251389
368 2 0.0542969 0.398611 0.108594 0.255556
368 2 0.05390625 0.07430555555555556 0.084375 0.1486111111111111
369 2 0.053125 0.0708333 0.0875 0.141667
369 2 0.05625 0.397917 0.1125 0.251389
370 2 0.05 0.0715278 0.084375 0.143056
370 2 0.0574219 0.400694 0.114844 0.251389
371 2 0.0492188 0.0715278 0.08125 0.143056
371 2 0.0589844 0.402083 0.117969 0.251389
372 2 0.0457031 0.0715278 0.0757812 0.143056
372 2 0.0617188 0.40625 0.123438 0.254167
373 2 0.0433594 0.0722222 0.0757812 0.144444
373 2 0.0648438 0.408333 0.129688 0.255556
374 2 0.0429688 0.0729167 0.0734375 0.145833
374 2 0.0667969 0.416667 0.133594 0.255556
375 2 0.04375 0.0715278 0.075 0.143056
375 2 0.0683594 0.418056 0.136719 0.247222
376 2 0.0425781 0.0722222 0.0726563 0.144444
376 2 0.0734375 0.414583 0.146875 0.254167
377 2 0.0425781 0.0722222 0.0710938 0.144444
377 2 0.0769531 0.414583 0.153906 0.254167
378 2 0.0425781 0.0722222 0.0679687 0.144444
378 2 0.0816406 0.413194 0.160156 0.256944
379 2 0.0472656 0.0770833 0.0664062 0.151389
379 2 0.0824219 0.411111 0.164844 0.263889
380 2 0.0484375 0.0763889 0.0625 0.152778
380 2 0.0839844 0.409028 0.166406 0.268056
381 2 0.0464844 0.0729167 0.0632813 0.145833
381 2 0.0894531 0.409722 0.161719 0.269444
382 2 0.046875 0.075 0.065625 0.15
382 2 0.0984375 0.411806 0.145313 0.268056
383 2 0.0460938 0.0743056 0.065625 0.148611
383 2 0.100781 0.413194 0.139062 0.273611
384 2 0.0441406 0.0729167 0.0632813 0.145833
384 2 0.108203 0.4125 0.147656 0.275
385 2 0.0414063 0.0798611 0.0640625 0.159722
385 2 0.117188 0.409028 0.15625 0.281944
386 2 0.11875 0.40625 0.154687 0.284722
386 2 0.0402344 0.0805556 0.0632813 0.161111
387 2 0.0402344 0.0798611 0.0617188 0.159722
387 2 0.116016 0.404861 0.160156 0.279167
388 2 0.0414063 0.0805556 0.0640625 0.158333
388 2 0.104687 0.411806 0.192188 0.268056
389 2 0.109766 0.407639 0.185156 0.265278
389 2 0.0390625 0.07916666666666666 0.0734375 0.15833333333333333
390 2 0.0402344 0.08125 0.0679687 0.159722
390 2 0.110156 0.409722 0.190625 0.261111
391 2 0.0363281 0.0819444 0.0726563 0.163889
391 2 0.125391 0.426389 0.169531 0.266667
392 2 0.0359375 0.0833333 0.071875 0.166667
392 2 0.137891 0.432639 0.158594 0.293056
393 2 0.0359375 0.0833333 0.071875 0.166667
393 2 0.143359 0.435417 0.158594 0.279167
394 2 0.0382813 0.08125 0.06875 0.1625
394 2 0.146094 0.438889 0.154687 0.272222
395 2 0.157422 0.438194 0.164844 0.279167
395 2 0.034765625 0.09236111111111112 0.06953125 0.1763888888888889
396 2 0.160156 0.436806 0.160938 0.268056
396 2 0.036328125 0.09305555555555556 0.07265625 0.18055555555555555
397 2 0.165234 0.444444 0.171094 0.280556
397 2 0.03671875 0.09444444444444444 0.071875 0.17222222222222222
398 2 0.173438 0.444444 0.170312 0.277778
398 2 0.034765625 0.09305555555555556 0.06953125 0.16666666666666666
399 2 0.180469 0.443056 0.175 0.275
399 2 0.033203125 0.09166666666666666 0.06640625 0.16944444444444445
400 2 0.185156 0.44375 0.171875 0.273611
400 2 0.032421875 0.09722222222222222 0.06484375 0.17777777777777778
401 2 0.192188 0.44375 0.176563 0.273611
401 2 0.022265625 0.30277777777777776 0.04453125 0.2972222222222222
401 2 0.02890625 0.08402777777777778 0.0578125 0.1625
402 2 0.199219 0.444444 0.171875 0.280556
402 2 0.020703125 0.3034722222222222 0.04140625 0.2875
402 2 0.028125 0.08472222222222223 0.05625 0.16666666666666666
403 2 0.205859 0.451389 0.177344 0.283333
403 2 0.02109375 0.3020833333333333 0.0421875 0.2791666666666667
403 2 0.026953125 0.0798611111111111 0.05390625 0.15416666666666667
404 2 0.0210938 0.302778 0.0421875 0.355556
404 2 0.208203 0.452778 0.180469 0.280556
404 2 0.02578125 0.09375 0.0515625 0.16805555555555557
405 2 0.0226563 0.302083 0.0453125 0.3625
405 2 0.213281 0.454167 0.1875 0.280556
405 2 0.026171875 0.10069444444444445 0.05078125 0.14305555555555555
406 2 0.0257812 0.301389 0.05 0.363889
406 2 0.220703 0.454861 0.188281 0.270833
406 2 0.0265625 0.10277777777777777 0.053125 0.14166666666666666
407 2 0.0265625 0.302083 0.05 0.3625
407 2 0.225781 0.455556 0.192188 0.261111
407 2 0.028125 0.11875 0.05625 0.12083333333333333
408 2 0.0273438 0.300694 0.05 0.359722
408 2 0.229297 0.454861 0.194531 0.256944
408 2 0.026171875 0.11666666666666667 0.05234375 0.12777777777777777
409 2 0.028125 0.300694 0.0515625 0.359722
409 2 0.236719 0.464583 0.198437 0.276389
409 2 0.02421875 0.12291666666666666 0.0484375 0.10972222222222222
410 2 0.0273438 0.302778 0.05 0.352778
410 2 0.241406 0.46875 0.195312 0.281944
410 2 0.0234375 0.13402777777777777 0.0421875 0.11527777777777778
411 2 0.0273438 0.304861 0.05 0.354167
411 2 0.246094 0.471528 0.192188 0.284722
411 2 0.02734375 0.12152777777777778 0.0546875 0.13194444444444445
412 2 0.249219 0.470833 0.190625 0.286111
412 2 0.0296875 0.3236111111111111 0.059375 0.26944444444444443
412 2 0.026171875 0.13055555555555556 0.05234375 0.125
413 2 0.256641 0.471528 0.194531 0.2875
413 2 0.026953125 0.13819444444444445 0.05390625 0.1486111111111111
413 2 0.034375 0.3263888888888889 0.06875 0.2611111111111111
414 2 0.0328125 0.313194 0.0640625 0.301389
414 2 0.264062 0.472222 0.201562 0.286111
414 2 0.027734375 0.14652777777777778 0.05546875 0.13194444444444445
415 2 0.0355469 0.298611 0.0679687 0.336111
415 2 0.271484 0.472222 0.200781 0.283333
415 2 0.02734375 0.1326388888888889 0.0546875 0.14583333333333334
416 2 0.0382813 0.34375 0.0765625 0.348611
416 2 0.276172 0.470833 0.200781 0.283333
416 2 0.02890625 0.14583333333333334 0.0578125 0.1388888888888889
417 2 0.0394531 0.345139 0.0789063 0.345833
417 2 0.282813 0.470833 0.20625 0.277778
417 2 0.024609375 0.14583333333333334 0.04921875 0.14444444444444443
418 2 0.0410156 0.34375 0.0820312 0.298611
418 2 0.289453 0.472917 0.205469 0.273611
418 2 0.023046875 0.1423611111111111 0.04609375 0.1597222222222222
419 2 0.0433594 0.347917 0.0867188 0.295833
419 2 0.294922 0.476389 0.202344 0.280556
419 2 0.021484375 0.14722222222222223 0.04296875 0.15
420 2 0.0460938 0.350694 0.0921875 0.298611
420 2 0.301562 0.473611 0.20625 0.288889
420 2 0.02421875 0.15138888888888888 0.0484375 0.1527777777777778
421 2 0.0496094 0.34375 0.0992187 0.279167
421 2 0.307813 0.475 0.2125 0.283333
421 2 0.026171875 0.14791666666666667 0.04765625 0.1486111111111111
422 2 0.0542969 0.334028 0.108594 0.276389
422 2 0.313672 0.473611 0.214844 0.283333
422 2 0.026171875 0.16875 0.05234375 0.1763888888888889
422 2 0.026953125 0.4173611111111111 0.05390625 0.3125
423 2 0.0554687 0.347222 0.110937 0.302778
423 2 0.320312 0.470139 0.217187 0.284722
423 2 0.02578125 0.17291666666666666 0.0515625 0.16805555555555557
423 2 0.029296875 0.4201388888888889 0.05859375 0.3125
424 2 0.327734 0.465972 0.219531 0.265278
424 2 0.024609375 0.16527777777777777 0.04921875 0.16944444444444445
424 2 0.031640625 0.43333333333333335 0.06328125 0.3416666666666667
424 2 0.06171875 0.37083333333333335 0.1234375 0.3194444444444444
425 2 0.333203 0.465278 0.214844 0.247222
425 2 0.039453125 0.44583333333333336 0.07578125 0.35555555555555557
425 2 0.072265625 0.36875 0.09921875 0.3125
426 2 0.336328 0.465278 0.213281 0.241667
426 2 0.040234375 0.4423611111111111 0.08046875 0.3458333333333333
426 2 0.07109375 0.3611111111111111 0.103125 0.31666666666666665
427 2 0.340625 0.475694 0.20625 0.259722
427 2 0.046484375 0.44375 0.08671875 0.3486111111111111
427 2 0.080859375 0.3611111111111111 0.09609375 0.31666666666666665
428 2 0.346875 0.478472 0.207813 0.256944
428 2 0.04765625 0.4340277777777778 0.0953125 0.3458333333333333
428 2 0.08515625 0.36666666666666664 0.1 0.3194444444444444
429 2 0.353516 0.485417 0.207031 0.256944
429 2 0.096875 0.36180555555555555 0.0984375 0.31805555555555554
429 2 0.05234375 0.44027777777777777 0.1046875 0.35833333333333334
430 2 0.358984 0.486111 0.207031 0.255556
430 2 0.053125 0.4465277777777778 0.10625 0.3541666666666667
430 2 0.078515625 0.32569444444444445 0.14609375 0.23194444444444445
431 2 0.367969 0.485417 0.210938 0.256944
431 2 0.055859375 0.4354166666666667 0.11171875 0.35694444444444445
431 2 0.080859375 0.34652777777777777 0.16171875 0.27361111111111114
432 2 0.125391 0.346528 0.0804688 0.279167
432 2 0.05625 0.431944 0.1125 0.361111
432 2 0.375391 0.488194 0.210156 0.245833
432 2 0.0203125 0.18125 0.040625 0.16527777777777777
433 2 0.0652344 0.430556 0.128906 0.361111
433 2 0.381641 0.488889 0.210156 0.244444
433 2 0.095703125 0.3590277777777778 0.16328125 0.30416666666666664
433 2 0.019140625 0.17777777777777778 0.03828125 0.17222222222222222
434 2 0.388672 0.490278 0.217969 0.241667
434 2 0.0828125 0.4444444444444444 0.1390625 0.3611111111111111
434 2 0.111328125 0.3486111111111111 0.15234375 0.3527777777777778
434 2 0.019140625 0.17777777777777778 0.03828125 0.17222222222222222
435 2 0.395703 0.490278 0.207031 0.241667
435 2 0.094921875 0.4388888888888889 0.13828125 0.3472222222222222
435 2 0.023046875 0.18125 0.04609375 0.16527777777777777
436 2 0.551953 0.5125 0.164844 0.158333
436 2 0.4 0.490278 0.195312 0.252778
436 2 0.129296875 0.35625 0.13828125 0.29583333333333334
436 2 0.107421875 0.4576388888888889 0.13828125 0.37083333333333335
436 2 0.02109375 0.18194444444444444 0.040625 0.19166666666666668
437 2 0.407031 0.489583 0.195312 0.251389
437 2 0.11328125 0.4652777777777778 0.14375 0.3888888888888889
437 2 0.1328125 0.35555555555555557 0.1453125 0.2916666666666667
437 2 0.01796875 0.19305555555555556 0.0359375 0.17777777777777778
438 2 0.416797 0.491667 0.202344 0.25
438 2 0.14140625 0.3736111111111111 0.14375 0.3194444444444444
438 2 0.121875 0.46597222222222223 0.15 0.3875
438 2 0.019140625 0.1986111111111111 0.03828125 0.18888888888888888
439 2 0.01953125 0.20208333333333334 0.0390625 0.1597222222222222
439 2 0.439453125 0.5201388888888889 0.21328125 0.21805555555555556
439 2 0.134375 0.4736111111111111 0.1515625 0.40555555555555556
439 2 0.148828125 0.3909722222222222 0.14609375 0.3597222222222222
440 2 0.447265625 0.5201388888888889 0.20859375 0.24027777777777778
440 2 0.143359375 0.4736111111111111 0.15703125 0.4083333333333333
440 2 0.155859375 0.39444444444444443 0.14453125 0.3527777777777778
440 2 0.018359375 0.19305555555555556 0.03671875 0.17222222222222222
441 2 0.018359375 0.2076388888888889 0.03671875 0.15694444444444444
441 2 0.156640625 0.4701388888888889 0.15859375 0.39861111111111114
441 2 0.158984375 0.38263888888888886 0.15703125 0.3402777777777778
441 2 0.452734375 0.5194444444444445 0.21953125 0.24166666666666667
442 2 0.020703125 0.20208333333333334 0.04140625 0.1736111111111111
442 2 0.1703125 0.46875 0.1640625 0.4013888888888889
442 2 0.167578125 0.3736111111111111 0.16015625 0.3111111111111111
442 2 0.4625 0.5145833333333333 0.225 0.24027777777777778
443 2 0.02109375 0.19722222222222222 0.0421875 0.18055555555555555
443 2 0.18203125 0.46597222222222223 0.15625 0.38472222222222224
443 2 0.17265625 0.3784722222222222 0.165625 0.3125
443 2 0.467578125 0.5152777777777777 0.22734375 0.23055555555555557
444 2 0.02421875 0.18055555555555555 0.0484375 0.2361111111111111
444 2 0.194921875 0.46458333333333335 0.16015625 0.3763888888888889
444 2 0.18359375 0.3840277777777778 0.165625 0.3236111111111111
444 2 0.475 0.5131944444444444 0.2296875 0.22916666666666666
445 2 0.025390625 0.2 0.05078125 0.225
445 2 0.484375 0.5263888888888889 0.2328125 0.25555555555555554
445 2 0.21171875 0.47430555555555554 0.1625 0.3958333333333333
445 2 0.191796875 0.3958333333333333 0.17109375 0.3416666666666667
446 2 0.0210938 0.195139 0.040625 0.226389
446 2 0.19765625 0.3951388888888889 0.1765625 0.3347222222222222
446 2 0.22421875 0.49444444444444446 0.1640625 0.425
446 2 0.491015625 0.5291666666666667 0.23515625 0.26944444444444443
447 2 0.0214844 0.195833 0.0414063 0.216667
447 2 0.499219 0.519444 0.245312 0.291667
447 2 0.236328125 0.49027777777777776 0.17421875 0.4083333333333333
447 2 0.209375 0.39166666666666666 0.1703125 0.33611111111111114
448 2 0.205469 0.386111 0.151562 0.325
448 2 0.0214844 0.197222 0.0414063 0.213889
448 2 0.238672 0.478472 0.171094 0.401389
448 2 0.500391 0.521528 0.247656 0.3125
449 2 0.0191406 0.202083 0.0367187 0.215278
449 2 0.509766 0.524306 0.252344 0.304167
449 2 0.228125 0.38958333333333334 0.1609375 0.3347222222222222
449 2 0.26953125 0.4930555555555556 0.1828125 0.4027777777777778
450 2 0.230078 0.393056 0.144531 0.311111
450 2 0.0199219 0.20625 0.0382813 0.209722
450 2 0.269922 0.495833 0.186719 0.388889
450 2 0.519531 0.524306 0.25625 0.301389
451 2 0.0203125 0.215278 0.0390625 0.225
451 2 0.526953 0.520833 0.261719 0.311111
451 2 0.2953125 0.49027777777777776 0.1984375 0.3861111111111111
451 2 0.24296875 0.4125 0.165625 0.3277777777777778
452 2 0.0207031 0.220833 0.0398437 0.227778
452 2 0.24375 0.4 0.154687 0.302778
452 2 0.294922 0.500694 0.194531 0.393056
452 2 0.532031 0.515278 0.26875 0.313889
453 2 0.251563 0.410417 0.157813 0.301389
453 2 0.0207031 0.218056 0.0398437 0.216667
453 2 0.308984 0.501389 0.192969 0.386111
453 2 0.535547 0.515278 0.277344 0.316667
454 2 0.021875 0.21875 0.04375 0.2125
454 2 0.544531 0.515278 0.270312 0.322222
454 2 0.334765625 0.5006944444444444 0.19921875 0.36527777777777776
454 2 0.2609375 0.42569444444444443 0.171875 0.3375
455 2 0.263281 0.4125 0.165625 0.313889
455 2 0.337109 0.506944 0.207031 0.375
455 2 0.0261719 0.225 0.0523437 0.213889
455 2 0.553516 0.514583 0.264844 0.329167
456 2 0.266016 0.416667 0.172656 0.333333
456 2 0.352734 0.504167 0.208594 0.405556
456 2 0.0308594 0.227083 0.0585938 0.209722
456 2 0.561719 0.509722 0.26875 0.336111
457 2 0.276172 0.428472 0.186719 0.348611
457 2 0.3625 0.520833 0.207813 0.411111
457 2 0.0375 0.234722 0.075 0.230556
457 2 0.575781 0.503472 0.259375 0.340278
458 2 0.375 0.523611 0.2125 0.405556
458 2 0.28125 0.424306 0.190625 0.370833
458 2 0.0363281 0.234722 0.0726563 0.227778
458 2 0.582812 0.500694 0.254687 0.343056
459 2 0.284766 0.427083 0.191406 0.3625
459 2 0.385938 0.521528 0.214062 0.401389
459 2 0.0371094 0.236111 0.0695312 0.230556
459 2 0.592188 0.499306 0.25625 0.345833
460 2 0.294141 0.443056 0.178906 0.344444
460 2 0.400781 0.515972 0.2125 0.409722
460 2 0.597266 0.499306 0.263281 0.345833
460 2 0.0375 0.234722 0.065625 0.230556
461 2 0.410156 0.521528 0.2 0.404167
461 2 0.298047 0.445139 0.182031 0.345833
461 2 0.601172 0.501389 0.258594 0.336111
461 2 0.0390625 0.236111 0.0640625 0.233333
462 2 0.424219 0.514583 0.217187 0.420833
462 2 0.307422 0.433333 0.183594 0.363889
462 2 0.610937 0.499306 0.264062 0.345833
462 2 0.040625 0.236806 0.0640625 0.234722
463 2 0.435937 0.518056 0.220313 0.405556
463 2 0.318359 0.431944 0.178906 0.366667
463 2 0.314453 0.438889 0.174219 0.358333
463 2 0.040625 0.250694 0.0609375 0.268056
463 2 0.622266 0.488889 0.263281 0.352778
464 2 0.323828 0.4375 0.185156 0.347222
464 2 0.449609 0.515972 0.213281 0.401389
464 2 0.631641 0.491667 0.258594 0.355556
464 2 0.0410156 0.257639 0.0585938 0.273611
465 2 0.457812 0.507639 0.209375 0.390278
465 2 0.327734 0.429167 0.186719 0.361111
465 2 0.0414063 0.259722 0.059375 0.272222
465 2 0.6375 0.488194 0.264062 0.368056
466 2 0.650781 0.49375 0.253125 0.348611
466 2 0.464453 0.502083 0.210156 0.398611
466 2 0.330078 0.444444 0.188281 0.386111
466 2 0.0421875 0.2625 0.059375 0.266667
467 2 0.661328 0.490278 0.247656 0.347222
467 2 0.477344 0.501389 0.215625 0.4
467 2 0.333203 0.444444 0.189844 0.383333
467 2 0.0425781 0.265278 0.0601562 0.266667
468 2 0.335547 0.449306 0.191406 0.393056
468 2 0.673828 0.485417 0.246094 0.359722
468 2 0.488281 0.506944 0.215625 0.397222
468 2 0.04375 0.267361 0.0640625 0.2625
469 2 0.334375 0.457639 0.1875 0.376389
469 2 0.68125 0.482639 0.251563 0.359722
469 2 0.500391 0.513194 0.214844 0.393056
469 2 0.0457031 0.269444 0.0664062 0.258333
470 2 0.688672 0.479167 0.249219 0.358333
470 2 0.339063 0.448611 0.190625 0.391667
470 2 0.509375 0.517361 0.2125 0.3875
470 2 0.0496094 0.280556 0.0695312 0.277778
471 2 0.698047 0.478472 0.246094 0.3625
471 2 0.336328 0.452778 0.180469 0.391667
471 2 0.05 0.279861 0.0671875 0.273611
471 2 0.521094 0.510417 0.223438 0.409722
472 2 0.708203 0.472222 0.238281 0.372222
472 2 0.0515625 0.279861 0.0671875 0.270833
472 2 0.333594 0.454167 0.171875 0.388889
472 2 0.533203 0.509722 0.224219 0.405556
473 2 0.714844 0.472917 0.2375 0.373611
473 2 0.0546875 0.284722 0.071875 0.272222
473 2 0.332812 0.455556 0.167187 0.386111
473 2 0.544531 0.509722 0.226562 0.405556
474 2 0.723047 0.472222 0.241406 0.383333
474 2 0.553906 0.506944 0.221875 0.411111
474 2 0.33125 0.454861 0.160938 0.3875
474 2 0.0574219 0.288194 0.0726563 0.268056
475 2 0.732813 0.466667 0.240625 0.397222
475 2 0.559375 0.511806 0.220313 0.401389
475 2 0.059375 0.294444 0.06875 0.283333
475 2 0.332422 0.455556 0.157031 0.375
476 2 0.744141 0.465278 0.236719 0.391667
476 2 0.578125 0.502778 0.192188 0.408333
476 2 0.0621094 0.299306 0.0679687 0.281944
476 2 0.332422 0.457639 0.150781 0.373611
477 2 0.0632813 0.30625 0.0671875 0.281944
477 2 0.333984 0.465972 0.146094 0.3875
477 2 0.578906 0.497222 0.2125 0.422222
477 2 0.7640625 0.44305555555555554 0.2359375 0.3416666666666667
478 2 0.590234 0.5 0.202344 0.405556
478 2 0.333594 0.470139 0.142188 0.395833
478 2 0.0640625 0.309028 0.0671875 0.279167
478 2 0.78046875 0.44375 0.23125 0.3375
479 2 0.332812 0.461806 0.135937 0.404167
479 2 0.602344 0.490972 0.201562 0.379167
479 2 0.0648438 0.311111 0.0671875 0.280556
479 2 0.78984375 0.43819444444444444 0.228125 0.3263888888888889
480 2 0.607813 0.480556 0.198437 0.377778
480 2 0.0660156 0.313889 0.0664062 0.283333
480 2 0.333203 0.472917 0.139844 0.384722
480 2 0.803125 0.45902777777777776 0.2265625 0.3625
481 2 0.804688 0.449306 0.228125 0.3875
481 2 0.619531 0.484722 0.195312 0.386111
481 2 0.0675781 0.314583 0.0664062 0.279167
481 2 0.332812 0.474306 0.139062 0.384722
482 2 0.633594 0.481944 0.195312 0.380556
482 2 0.332422 0.475 0.138281 0.383333
482 2 0.06875 0.315278 0.06875 0.275
482 2 0.8296875 0.4583333333333333 0.2171875 0.3611111111111111
483 2 0.329297 0.477778 0.132031 0.380556
483 2 0.644922 0.479167 0.191406 0.397222
483 2 0.0746094 0.322917 0.0773437 0.279167
483 2 0.84453125 0.4666666666666667 0.2171875 0.375
484 2 0.655078 0.476389 0.189844 0.405556
484 2 0.0800781 0.338194 0.0835937 0.301389
484 2 0.326562 0.479167 0.125 0.377778
484 2 0.850390625 0.4576388888888889 0.21640625 0.36527777777777776
485 2 0.6625 0.469444 0.184375 0.397222
485 2 0.08125 0.339583 0.0765625 0.301389
485 2 0.325781 0.479861 0.117188 0.376389
485 2 0.860546875 0.46041666666666664 0.21171875 0.3763888888888889
486 2 0.8625 0.45625 0.210938 0.3875
486 2 0.669531 0.470833 0.175 0.394444
486 2 0.325391 0.479167 0.114844 0.377778
486 2 0.0835937 0.341667 0.0734375 0.297222
487 2 0.869922 0.454167 0.219531 0.394444
487 2 0.674219 0.470833 0.178125 0.397222
487 2 0.326562 0.479167 0.110937 0.377778
487 2 0.0871094 0.347917 0.0726563 0.279167
488 2 0.680469 0.466667 0.178125 0.405556
488 2 0.325781 0.477778 0.10625 0.377778
488 2 0.0933594 0.35625 0.0726563 0.268056
488 2 0.891796875 0.4409722222222222 0.21171875 0.33194444444444443
489 2 0.691406 0.463889 0.18125 0.402778
489 2 0.889844 0.440972 0.215625 0.3625
489 2 0.324219 0.473611 0.1 0.377778
489 2 0.0957031 0.366667 0.0710938 0.269444
490 2 0.895703 0.434722 0.208594 0.35
490 2 0.696484 0.450694 0.171094 0.426389
490 2 0.320703 0.463889 0.0914062 0.361111
490 2 0.0980469 0.365972 0.0710938 0.254167
491 2 0.703906 0.438889 0.164062 0.408333
491 2 0.903125 0.434722 0.192188 0.336111
491 2 0.101562 0.369444 0.0703125 0.247222
491 2 0.313281 0.461111 0.09375 0.361111
492 2 0.910937 0.432639 0.178125 0.351389
492 2 0.711328 0.425 0.169531 0.380556
492 2 0.311719 0.4625 0.09375 0.361111
492 2 0.105859 0.371528 0.0742188 0.251389
493 2 0.719531 0.407639 0.173438 0.3625
493 2 0.311328 0.465278 0.0945313 0.352778
493 2 0.114063 0.381944 0.0859375 0.255556
493 2 0.91796875 0.44305555555555554 0.1625 0.3111111111111111
494 2 0.728125 0.403472 0.176563 0.351389
494 2 0.310156 0.464583 0.1 0.359722
494 2 0.115625 0.383333 0.0828125 0.252778
494 2 0.93125 0.4465277777777778 0.1359375 0.2763888888888889
495 2 0.738672 0.420139 0.182031 0.368056
495 2 0.311328 0.465972 0.103906 0.354167
495 2 0.117578 0.385417 0.0789063 0.256944
495 2 0.93515625 0.46458333333333335 0.128125 0.2763888888888889
496 2 0.935547 0.472917 0.124219 0.243056
496 2 0.746875 0.413889 0.173438 0.344444
496 2 0.304297 0.467361 0.122656 0.356944
496 2 0.11875 0.385417 0.078125 0.256944
497 2 0.941406 0.468056 0.117188 0.25
497 2 0.757422 0.4125 0.167969 0.361111
497 2 0.299609 0.465972 0.119531 0.359722
497 2 0.118359 0.384722 0.0789063 0.255556
498 2 0.768359 0.420833 0.158594 0.388889
498 2 0.291797 0.470833 0.113281 0.341667
498 2 0.11875 0.383333 0.078125 0.25
498 2 0.9484375 0.48541666666666666 0.1015625 0.24305555555555555
499 2 0.775 0.410417 0.165625 0.373611
499 2 0.289844 0.470833 0.120312 0.344444
499 2 0.118359 0.381944 0.0804688 0.255556
499 2 0.95703125 0.48333333333333334 0.084375 0.23055555555555557
500 2 0.780078 0.413889 0.169531 0.377778
500 2 0.290625 0.473611 0.129688 0.35
500 2 0.113281 0.380556 0.090625 0.261111
501 2 0.792969 0.413889 0.167187 0.380556
501 2 0.109375 0.38125 0.1 0.270833
501 2 0.291406 0.471528 0.134375 0.348611
502 2 0.109375 0.382639 0.103125 0.240278
502 2 0.292578 0.470139 0.142969 0.351389
502 2 0.812109375 0.4027777777777778 0.17109375 0.3416666666666667
503 2 0.809766 0.384722 0.167969 0.341667
503 2 0.103906 0.384722 0.10625 0.25
503 2 0.29375 0.470139 0.148438 0.351389
504 2 0.823438 0.386806 0.170312 0.356944
504 2 0.289844 0.468056 0.157813 0.355556
504 2 0.0984375 0.381944 0.117188 0.25
505 2 0.835156 0.385417 0.165625 0.356944
505 2 0.096875 0.380556 0.121875 0.258333
505 2 0.29375 0.468056 0.159375 0.358333
506 2 0.845703 0.389583 0.167969 0.359722
506 2 0.0949219 0.379861 0.128906 0.259722
506 2 0.291797 0.470833 0.166406 0.35
507 2 0.0949219 0.377083 0.122656 0.281944
507 2 0.844922 0.385417 0.174219 0.368056
507 2 0.283203 0.479167 0.186719 0.311111
508 2 0.858984 0.38125 0.155469 0.373611
508 2 0.0910156 0.378472 0.130469 0.268056
508 2 0.275781 0.472222 0.19375 0.338889
509 2 0.0859375 0.376389 0.129688 0.269444
509 2 0.875 0.377778 0.159375 0.363889
509 2 0.271875 0.472222 0.201562 0.344444
510 2 0.876172 0.377083 0.153906 0.3625
510 2 0.0886719 0.375694 0.138281 0.270833
510 2 0.266016 0.470139 0.221094 0.351389
511 2 0.887891 0.361111 0.161719 0.358333
511 2 0.0898438 0.376389 0.139062 0.272222
511 2 0.261328 0.46875 0.221094 0.354167
512 2 0.898047 0.361806 0.158594 0.318056
512 2 0.0945313 0.377778 0.142188 0.283333
512 2 0.253516 0.466667 0.227344 0.355556
513 2 0.910156 0.346528 0.16875 0.329167
513 2 0.0921875 0.384722 0.140625 0.269444
513 2 0.252344 0.464583 0.234375 0.356944
514 2 0.252734 0.4625 0.242969 0.347222
514 2 0.0964844 0.385417 0.149219 0.270833
514 2 0.919922 0.340278 0.160156 0.325
515 2 0.0992187 0.385417 0.154687 0.273611
515 2 0.252344 0.454861 0.24375 0.340278
515 2 0.923828 0.345139 0.152344 0.334722
516 2 0.250781 0.46875 0.245312 0.365278
516 2 0.0988281 0.379167 0.158594 0.288889
516 2 0.928125 0.341667 0.14375 0.347222
517 2 0.0984375 0.386111 0.154687 0.275
517 2 0.928125 0.340972 0.14375 0.348611
517 2 0.248047 0.471528 0.236719 0.348611
518 2 0.935938 0.347222 0.128125 0.316667
518 2 0.0980469 0.386111 0.153906 0.277778
518 2 0.248437 0.470833 0.239063 0.35
519 2 0.0964844 0.386806 0.150781 0.279167
519 2 0.248047 0.470139 0.239844 0.354167
519 2 0.944141 0.354167 0.110156 0.291667
520 2 0.0972656 0.386111 0.152344 0.280556
520 2 0.247266 0.469444 0.235156 0.355556
520 2 0.946484 0.354167 0.105469 0.288889
521 2 0.0976562 0.386111 0.153125 0.280556
521 2 0.949609 0.344444 0.100781 0.283333
521 2 0.247266 0.469444 0.233594 0.358333
522 2 0.956641 0.334028 0.0867188 0.290278
522 2 0.096875 0.386806 0.151562 0.279167
522 2 0.246875 0.468056 0.232812 0.355556
523 2 0.096875 0.385417 0.15 0.279167
523 2 0.960156 0.354861 0.0734375 0.2125
523 2 0.245703 0.465972 0.233594 0.381944
524 2 0.0972656 0.386111 0.150781 0.277778
524 2 0.967188 0.34375 0.065625 0.254167
524 2 0.245312 0.463889 0.234375 0.388889
525 2 0.970312 0.350694 0.05625 0.2375
525 2 0.0972656 0.386806 0.150781 0.276389
525 2 0.245312 0.460417 0.232812 0.395833
526 2 0.0976562 0.386806 0.151562 0.281944
526 2 0.244922 0.457639 0.230469 0.379167
527 2 0.104297 0.384722 0.157031 0.286111
527 2 0.2421875 0.45208333333333334 0.234375 0.3902777777777778
528 2 0.104297 0.384722 0.157031 0.286111
528 2 0.241015625 0.4576388888888889 0.23359375 0.39861111111111114
529 2 0.105078 0.385417 0.158594 0.284722
529 2 0.237890625 0.45416666666666666 0.23984375 0.40555555555555556
530 2 0.101953 0.386111 0.150781 0.272222
530 2 0.240625 0.4513888888888889 0.240625 0.4
531 2 0.245312 0.452083 0.242188 0.406944
531 2 0.102734 0.385417 0.150781 0.273611
532 2 0.246094 0.45 0.245312 0.405556
532 2 0.103516 0.386111 0.153906 0.272222
533 2 0.103906 0.379167 0.151562 0.291667
533 2 0.244141 0.45 0.247656 0.427778
534 2 0.243359 0.451389 0.238281 0.411111
534 2 0.105078 0.380556 0.153906 0.291667
535 2 0.241797 0.449306 0.244531 0.429167
535 2 0.107031 0.380556 0.160938 0.291667
536 2 0.241016 0.450694 0.235156 0.409722
536 2 0.107031 0.380556 0.1625 0.294444
537 2 0.240625 0.451389 0.232812 0.405556
537 2 0.107813 0.380556 0.1625 0.291667
538 2 0.107813 0.379861 0.164062 0.293056
538 2 0.239844 0.451389 0.232812 0.405556
539 2 0.239453 0.450694 0.230469 0.406944
539 2 0.108203 0.380556 0.164844 0.291667
540 2 0.238672 0.451389 0.230469 0.405556
540 2 0.108203 0.38125 0.164844 0.290278
541 2 0.239844 0.451389 0.229687 0.405556
541 2 0.108203 0.379861 0.164844 0.293056
542 2 0.241016 0.452083 0.232031 0.406944
542 2 0.108203 0.379861 0.164844 0.293056
543 2 0.240234 0.454167 0.230469 0.402778
543 2 0.107813 0.380556 0.164062 0.291667
544 2 0.241016 0.451389 0.232031 0.405556
544 2 0.107813 0.380556 0.164062 0.291667
545 2 0.241797 0.451389 0.235156 0.405556
545 2 0.108594 0.380556 0.164062 0.288889
546 2 0.240625 0.452083 0.232812 0.404167
546 2 0.109375 0.379861 0.1625 0.290278
547 2 0.109375 0.381944 0.164062 0.286111
547 2 0.241797 0.453472 0.232031 0.404167
548 2 0.108203 0.383333 0.164844 0.280556
548 2 0.24453125 0.4534722222222222 0.234375 0.3958333333333333
549 2 0.105469 0.385417 0.173438 0.268056
549 2 0.24296875 0.45694444444444443 0.228125 0.3861111111111111
550 2 0.244922 0.45 0.232031 0.391667
550 2 0.104687 0.386806 0.175 0.259722
551 2 0.240234 0.445139 0.232031 0.401389
551 2 0.103516 0.3875 0.174219 0.255556
552 2 0.238281 0.439583 0.232812 0.406944
552 2 0.10625 0.389583 0.178125 0.248611
553 2 0.104687 0.394444 0.179688 0.258333
553 2 0.231641 0.438889 0.241406 0.405556
554 2 0.102344 0.3875 0.18125 0.258333
554 2 0.226562 0.436111 0.242188 0.413889
555 2 0.221484 0.4375 0.241406 0.402778
555 2 0.09296875 0.38819444444444445 0.175 0.24861111111111112
556 2 0.0984375 0.380556 0.175 0.272222
556 2 0.222266 0.436111 0.249219 0.422222
557 2 0.215625 0.424306 0.25 0.401389
557 2 0.096875 0.379861 0.175 0.268056
558 2 0.212109 0.422222 0.241406 0.386111
558 2 0.0964844 0.38125 0.174219 0.276389
559 2 0.204688 0.417361 0.234375 0.381944
559 2 0.0898438 0.382639 0.176563 0.268056
560 2 0.090625 0.379167 0.16875 0.275
560 2 0.196875 0.4270833333333333 0.2265625 0.3819444444444444
561 2 0.196875 0.422222 0.220313 0.391667
561 2 0.084375 0.382639 0.165625 0.270833
562 2 0.0824219 0.377778 0.164844 0.280556
562 2 0.194531 0.420833 0.2125 0.388889
563 2 0.191797 0.422917 0.210156 0.384722
563 2 0.083984375 0.3729166666666667 0.16796875 0.2791666666666667
564 2 0.184766 0.420139 0.197656 0.393056
564 2 0.080078125 0.3736111111111111 0.16015625 0.2777777777777778
565 2 0.18125 0.419444 0.190625 0.394444
565 2 0.076953125 0.36666666666666664 0.15390625 0.28888888888888886
566 2 0.076171875 0.36944444444444446 0.15234375 0.2916666666666667
566 2 0.171875 0.42083333333333334 0.1765625 0.38333333333333336
567 2 0.171094 0.418056 0.1875 0.413889
567 2 0.074609375 0.37430555555555556 0.14921875 0.2986111111111111
568 2 0.164453 0.417361 0.175781 0.401389
568 2 0.07109375 0.37083333333333335 0.1421875 0.2916666666666667
569 2 0.163281 0.418056 0.176563 0.4
569 2 0.069140625 0.36736111111111114 0.13828125 0.30416666666666664
570 2 0.065625 0.359028 0.126563 0.331944
570 2 0.160156 0.415278 0.173438 0.394444
571 2 0.0636719 0.345139 0.127344 0.329167
571 2 0.15625 0.413889 0.16875 0.386111
572 2 0.151562 0.400694 0.167187 0.370833
572 2 0.0609375 0.3458333333333333 0.121875 0.3416666666666667
573 2 0.148828 0.390278 0.150781 0.361111
573 2 0.056640625 0.34652777777777777 0.11328125 0.3013888888888889
574 2 0.141406 0.384722 0.145313 0.358333
574 2 0.056640625 0.3298611111111111 0.11328125 0.31805555555555554
575 2 0.134375 0.384028 0.139062 0.356944
575 2 0.054296875 0.3194444444444444 0.10859375 0.29444444444444445
576 2 0.128516 0.384028 0.147656 0.359722
576 2 0.0515625 0.3263888888888889 0.103125 0.3111111111111111
577 2 0.123047 0.393056 0.142969 0.358333
577 2 0.048046875 0.31875 0.09609375 0.30416666666666664
578 2 0.116797 0.386111 0.153906 0.366667
578 2 0.042578125 0.32083333333333336 0.08515625 0.2972222222222222
579 2 0.109766 0.383333 0.146094 0.347222
579 2 0.03984375 0.33055555555555555 0.0796875 0.26666666666666666
580 2 0.103125 0.376389 0.154687 0.344444
580 2 0.037109375 0.3229166666666667 0.07421875 0.2847222222222222
581 2 0.102734 0.379861 0.153906 0.348611
581 2 0.035546875 0.3076388888888889 0.07109375 0.32083333333333336
582 2 0.1 0.374306 0.157813 0.348611
582 2 0.031640625 0.2965277777777778 0.06328125 0.30972222222222223
583 2 0.0949219 0.375694 0.153906 0.370833
583 2 0.031640625 0.3090277777777778 0.06328125 0.30416666666666664
584 2 0.0890625 0.377778 0.154687 0.35
584 2 0.0902344 0.371528 0.155469 0.351389
584 2 0.030859375 0.30416666666666664 0.06171875 0.3055555555555556
585 2 0.0882813 0.372917 0.153125 0.381944
585 2 0.02578125 0.28194444444444444 0.0515625 0.30833333333333335
586 2 0.0863281 0.369444 0.147656 0.383333
586 2 0.028125 0.31180555555555556 0.05625 0.27361111111111114
587 2 0.0828125 0.365972 0.145313 0.390278
587 2 0.026171875 0.29583333333333334 0.05234375 0.2777777777777778
588 2 0.0792969 0.363194 0.153906 0.379167
588 2 0.02890625 0.28888888888888886 0.0578125 0.28888888888888886
589 2 0.0765625 0.35625 0.148438 0.368056
589 2 0.023828125 0.2986111111111111 0.04765625 0.2611111111111111
590 2 0.0757812 0.347917 0.135937 0.348611
590 2 0.024609375 0.28541666666666665 0.04921875 0.2513888888888889
591 2 0.0738281 0.343056 0.146094 0.344444
591 2 0.022265625 0.275 0.04453125 0.2611111111111111
592 2 0.0726563 0.331944 0.145313 0.35
592 2 0.01953125 0.2875 0.0390625 0.24444444444444444
593 2 0.0675781 0.325 0.130469 0.352778
594 2 0.0667969 0.319444 0.133594 0.372222
595 2 0.0640625 0.309722 0.128125 0.4
596 2 0.0609375 0.304861 0.120312 0.398611
597 2 0.0597656 0.305556 0.119531 0.377778
598 2 0.0574219 0.295833 0.111719 0.366667
599 2 0.0550781 0.297222 0.103906 0.355556
600 2 0.0492188 0.289583 0.0984375 0.384722
601 2 0.0476562 0.278472 0.0953125 0.401389
602 2 0.045703125 0.2986111111111111 0.09140625 0.3416666666666667
602 2 0.026171875 0.15555555555555556 0.05234375 0.2638888888888889
603 2 0.026171875 0.13472222222222222 0.05234375 0.2388888888888889
603 2 0.047265625 0.2798611111111111 0.09453125 0.3402777777777778
604 2 0.04609375 0.2916666666666667 0.0921875 0.3611111111111111
604 2 0.028515625 0.14305555555555555 0.05703125 0.2611111111111111
605 2 0.029296875 0.14097222222222222 0.05859375 0.24583333333333332
605 2 0.043359375 0.28680555555555554 0.08671875 0.3541666666666667
606 2 0.028515625 0.14305555555555555 0.05703125 0.24444444444444444
606 2 0.041796875 0.28055555555555556 0.08359375 0.3416666666666667
607 2 0.029296875 0.14305555555555555 0.05859375 0.25555555555555554
607 2 0.041796875 0.2777777777777778 0.08359375 0.3388888888888889
608 2 0.0375 0.28680555555555554 0.075 0.3486111111111111
608 2 0.0296875 0.14583333333333334 0.059375 0.2638888888888889
609 2 0.03984375 0.2763888888888889 0.0796875 0.3472222222222222
609 2 0.029296875 0.1375 0.05859375 0.24444444444444444
610 2 0.0375 0.27847222222222223 0.075 0.3375
610 2 0.029296875 0.14444444444444443 0.05859375 0.2611111111111111
611 2 0.037890625 0.2826388888888889 0.07578125 0.3375
611 2 0.027734375 0.15069444444444444 0.05546875 0.25972222222222224
612 2 0.035546875 0.2798611111111111 0.07109375 0.3486111111111111
612 2 0.031640625 0.1451388888888889 0.06328125 0.25972222222222224
613 2 0.03515625 0.26875 0.0703125 0.34305555555555556
613 2 0.02890625 0.13819444444444445 0.0578125 0.25972222222222224
614 2 0.030859375 0.26944444444444443 0.06171875 0.33611111111111114
614 2 0.0328125 0.13819444444444445 0.065625 0.25416666666666665
615 2 0.0296875 0.2763888888888889 0.059375 0.34444444444444444
615 2 0.030859375 0.1284722222222222 0.06171875 0.2513888888888889
616 2 0.02734375 0.27291666666666664 0.0546875 0.3375
616 2 0.032421875 0.12986111111111112 0.05546875 0.23194444444444445
617 2 0.031640625 0.27847222222222223 0.06328125 0.3458333333333333
617 2 0.040234375 0.12708333333333333 0.05859375 0.24027777777777778
618 2 0.03828125 0.12569444444444444 0.053125 0.23472222222222222
618 2 0.028125 0.2743055555555556 0.05625 0.3347222222222222
619 2 0.031640625 0.27152777777777776 0.06328125 0.3347222222222222
619 2 0.036328125 0.12152777777777778 0.05859375 0.24027777777777778
620 2 0.035546875 0.11458333333333333 0.05703125 0.21805555555555556
620 2 0.033203125 0.27152777777777776 0.06640625 0.3458333333333333
621 2 0.03046875 0.26805555555555555 0.0609375 0.3388888888888889
621 2 0.033203125 0.12291666666666666 0.05390625 0.24583333333333332
622 2 0.030859375 0.2638888888888889 0.06171875 0.34444444444444444
622 2 0.0375 0.12222222222222222 0.053125 0.2388888888888889
623 2 0.038671875 0.10902777777777778 0.05546875 0.2125
623 2 0.034765625 0.24097222222222223 0.06171875 0.31805555555555554
624 2 0.028515625 0.2388888888888889 0.05703125 0.3333333333333333
624 2 0.039453125 0.12222222222222222 0.05390625 0.2361111111111111
625 2 0.03203125 0.24166666666666667 0.0640625 0.32222222222222224
625 2 0.03984375 0.12222222222222222 0.059375 0.2388888888888889
626 2 0.04296875 0.1076388888888889 0.0640625 0.20972222222222223
626 2 0.0328125 0.2465277777777778 0.065625 0.3402777777777778
627 2 0.0328125 0.2375 0.0625 0.30833333333333335
627 2 0.045703125 0.10625 0.05390625 0.20694444444444443
628 2 0.04296875 0.10138888888888889 0.05625 0.2
628 2 0.031640625 0.23819444444444443 0.06328125 0.3236111111111111
629 2 0.033203125 0.23402777777777778 0.06640625 0.34305555555555556
629 2 0.05078125 0.10902777777777778 0.05625 0.21805555555555556
630 2 0.046875 0.10347222222222222 0.0484375 0.20694444444444443
630 2 0.036328125 0.2375 0.07265625 0.325
631 2 0.0328125 0.22569444444444445 0.065625 0.32083333333333336
631 2 0.041796875 0.1 0.05390625 0.19722222222222222
632 2 0.028515625 0.21319444444444444 0.05703125 0.3013888888888889
632 2 0.0484375 0.10486111111111111 0.05 0.2013888888888889
633 2 0.05078125 0.1111111111111111 0.053125 0.21388888888888888
633 2 0.029296875 0.22152777777777777 0.05859375 0.2875
634 2 0.031640625 0.2125 0.06328125 0.2972222222222222
634 2 0.04609375 0.10486111111111111 0.053125 0.2013888888888889
635 2 0.03125 0.21805555555555556 0.0625 0.3
635 2 0.047265625 0.1 0.05859375 0.19444444444444445
636 2 0.032421875 0.2152777777777778 0.06484375 0.30833333333333335
636 2 0.0484375 0.09722222222222222 0.0546875 0.18611111111111112
637 2 0.034765625 0.21319444444444444 0.06953125 0.2986111111111111
637 2 0.05390625 0.09583333333333334 0.05625 0.18611111111111112
638 2 0.0335938 0.202083 0.0671875 0.306944
638 2 0.052734375 0.09305555555555556 0.05234375 0.17222222222222222
639 2 0.059375 0.09166666666666666 0.0609375 0.17777777777777778
639 2 0.03203125 0.20625 0.0640625 0.31805555555555554
640 2 0.0328125 0.20347222222222222 0.065625 0.30972222222222223
640 2 0.056640625 0.08888888888888889 0.05546875 0.17222222222222222
641 2 0.0363281 0.19375 0.0726563 0.331944
641 2 0.057421875 0.08888888888888889 0.05078125 0.17222222222222222
642 2 0.0351562 0.197917 0.0703125 0.323611
642 2 0.0546875 0.08611111111111111 0.0578125 0.16666666666666666
643 2 0.0546875 0.08541666666666667 0.0578125 0.16527777777777777
643 2 0.031640625 0.1951388888888889 0.06328125 0.3125
644 2 0.03046875 0.19930555555555557 0.0609375 0.32083333333333336
644 2 0.062890625 0.08958333333333333 0.05546875 0.17916666666666667
645 2 0.0339844 0.188194 0.0679687 0.320833
645 2 0.059375 0.08125 0.0484375 0.1625
646 2 0.0339844 0.190278 0.0679687 0.325
646 2 0.060546875 0.08402777777777778 0.04765625 0.1597222222222222
647 2 0.06171875 0.08472222222222223 0.05 0.16111111111111112
647 2 0.031640625 0.19652777777777777 0.06328125 0.30416666666666664
648 2 0.0328125 0.189583 0.065625 0.320833
648 2 0.059375 0.08263888888888889 0.0484375 0.1597222222222222
649 2 0.0320312 0.188889 0.0640625 0.322222
649 2 0.0609375 0.08541666666666667 0.0515625 0.16527777777777777
650 2 0.0320312 0.1875 0.0640625 0.327778
650 2 0.059375 0.08194444444444444 0.0484375 0.16111111111111112
651 2 0.03125 0.184028 0.0625 0.326389
651 2 0.059765625 0.08055555555555556 0.04921875 0.15833333333333333
652 2 0.058984375 0.0798611111111111 0.05078125 0.1597222222222222
652 2 0.0328125 0.1798611111111111 0.065625 0.29305555555555557
653 2 0.029296875 0.18194444444444444 0.05859375 0.3055555555555556
653 2 0.06171875 0.08055555555555556 0.053125 0.15555555555555556
654 2 0.0304688 0.173611 0.053125 0.336111
654 2 0.059765625 0.08055555555555556 0.04765625 0.15555555555555556
655 2 0.0292969 0.175 0.0554687 0.316667
655 2 0.062890625 0.08333333333333333 0.04921875 0.15833333333333333
656 2 0.0308594 0.172222 0.0617188 0.313889
656 2 0.063671875 0.08055555555555556 0.04921875 0.15555555555555556
657 2 0.0316406 0.174306 0.0632813 0.318056
657 2 0.0625 0.08402777777777778 0.0515625 0.15416666666666667
658 2 0.0324219 0.172917 0.0648438 0.318056
658 2 0.065234375 0.08680555555555555 0.05546875 0.1597222222222222
659 2 0.0328125 0.170139 0.065625 0.315278
659 2 0.06953125 0.08541666666666667 0.046875 0.1625
660 2 0.0355469 0.164583 0.0710938 0.318056
660 2 0.06953125 0.08055555555555556 0.046875 0.1527777777777778
661 2 0.0335938 0.168056 0.0671875 0.327778
661 2 0.070703125 0.0798611111111111 0.04453125 0.15416666666666667
662 2 0.0339844 0.163889 0.0679687 0.319444
662 2 0.07109375 0.07777777777777778 0.0453125 0.14722222222222223
663 2 0.0359375 0.152778 0.071875 0.305556
663 2 0.07109375 0.07916666666666666 0.0453125 0.14444444444444443
664 2 0.0363281 0.147917 0.0726563 0.295833
664 2 0.07109375 0.07847222222222222 0.0453125 0.14305555555555555
665 2 0.0367187 0.141667 0.071875 0.283333
665 2 0.0703125 0.07708333333333334 0.046875 0.14583333333333334
666 2 0.0367187 0.14375 0.0734375 0.2875
666 2 0.069921875 0.08055555555555556 0.04609375 0.1527777777777778
667 2 0.0363281 0.14375 0.0726563 0.2875
667 2 0.06875 0.07847222222222222 0.0484375 0.15694444444444444
668 2 0.0363281 0.147222 0.0726563 0.294444
668 2 0.06796875 0.07222222222222222 0.046875 0.14444444444444443
669 2 0.0359375 0.15 0.071875 0.3
669 2 0.069921875 0.07569444444444444 0.04609375 0.14583333333333334
670 2 0.0359375 0.147222 0.071875 0.294444
670 2 0.071484375 0.07569444444444444 0.04921875 0.14305555555555555
671 2 0.070703125 0.0763888888888889 0.05078125 0.14166666666666666
671 2 0.0421875 0.14791666666666667 0.0734375 0.2902777777777778
672 2 0.043359375 0.14791666666666667 0.06953125 0.2875
672 2 0.06953125 0.07222222222222222 0.05625 0.14444444444444443
673 2 0.075390625 0.07708333333333334 0.06796875 0.14583333333333334
673 2 0.0484375 0.15138888888888888 0.0640625 0.29444444444444445
674 2 0.04765625 0.14652777777777778 0.065625 0.2847222222222222
674 2 0.0765625 0.0763888888888889 0.053125 0.14722222222222223
675 2 0.0492188 0.14375 0.078125 0.2875
675 2 0.077734375 0.07083333333333333 0.05234375 0.1361111111111111
676 2 0.0511719 0.14375 0.0898438 0.2875
676 2 0.07890625 0.07291666666666667 0.05 0.13194444444444445
677 2 0.0515625 0.142361 0.0875 0.284722
677 2 0.07890625 0.0763888888888889 0.046875 0.1388888888888889
678 2 0.075 0.06944444444444445 0.0515625 0.13333333333333333
678 2 0.05234375 0.12777777777777777 0.071875 0.25
679 2 0.0519531 0.127778 0.0664062 0.255556
679 2 0.075 0.06666666666666667 0.0546875 0.12777777777777777
680 2 0.074609375 0.06388888888888888 0.05390625 0.11944444444444445
680 2 0.054296875 0.12916666666666668 0.06640625 0.24444444444444444
681 2 0.053125 0.1284722222222222 0.0609375 0.24861111111111112
681 2 0.07734375 0.07083333333333333 0.059375 0.1361111111111111
682 2 0.0550781 0.123611 0.0851562 0.247222
682 2 0.07265625 0.06388888888888888 0.05 0.12222222222222222
682 2 0.982421875 0.11319444444444444 0.03359375 0.21805555555555556
683 2 0.053515625 0.12638888888888888 0.06484375 0.25
683 2 0.0703125 0.06458333333333334 0.0515625 0.12916666666666668
683 2 0.9796875 0.12986111111111112 0.0390625 0.24861111111111112
684 2 0.980859 0.11875 0.0382813 0.2375
684 2 0.052734375 0.12777777777777777 0.06484375 0.25
684 2 0.073828125 0.07152777777777777 0.05859375 0.12916666666666668
685 2 0.976953 0.131944 0.0445312 0.263889
685 2 0.0515625 0.12222222222222222 0.0640625 0.24166666666666667
685 2 0.0734375 0.06388888888888888 0.0609375 0.125
686 2 0.973047 0.128472 0.0507812 0.256944
686 2 0.049609375 0.12986111111111112 0.05859375 0.2375
686 2 0.06796875 0.0625 0.05625 0.11944444444444445
687 2 0.05625 0.121528 0.084375 0.243056
687 2 0.971094 0.125 0.0578125 0.25
687 2 0.072265625 0.06736111111111111 0.05546875 0.12916666666666668
688 2 0.05625 0.120139 0.0796875 0.240278
688 2 0.96875 0.122917 0.0625 0.245833
688 2 0.06953125 0.06041666666666667 0.059375 0.12083333333333333
689 2 0.0582031 0.11875 0.0789063 0.2375
689 2 0.964453 0.124306 0.0710938 0.248611
689 2 0.06953125 0.06111111111111111 0.059375 0.12222222222222222
690 2 0.0585938 0.116667 0.078125 0.233333
690 2 0.960938 0.127083 0.078125 0.254167
690 2 0.07265625 0.06527777777777778 0.053125 0.11666666666666667
691 2 0.0566406 0.119444 0.0695312 0.238889
691 2 0.959375 0.126389 0.08125 0.252778
691 2 0.071875 0.06388888888888888 0.0515625 0.11388888888888889
692 2 0.0589844 0.120833 0.0679687 0.241667
692 2 0.957812 0.125 0.084375 0.25
692 2 0.071875 0.06180555555555556 0.053125 0.11805555555555555
693 2 0.0621094 0.1125 0.0570313 0.225
693 2 0.954297 0.117361 0.0882813 0.234722
694 2 0.0625 0.103472 0.05625 0.206944
694 2 0.949219 0.113889 0.0859375 0.227778
695 2 0.0625 0.102083 0.0703125 0.204167
695 2 0.943359 0.108333 0.0757812 0.216667
696 2 0.0625 0.0993056 0.0703125 0.198611
696 2 0.9375 0.102083 0.08125 0.204167
697 2 0.0628906 0.0993056 0.0710938 0.198611
697 2 0.930859 0.105556 0.0835937 0.211111
698 2 0.0617188 0.100694 0.06875 0.201389
698 2 0.927344 0.104861 0.0796875 0.209722
699 2 0.0609375 0.100694 0.0671875 0.201389
699 2 0.919922 0.103472 0.0773437 0.206944
700 2 0.0617188 0.101389 0.0671875 0.202778
700 2 0.914062 0.0986111 0.078125 0.197222
701 2 0.0613281 0.102778 0.0679687 0.205556
701 2 0.90625 0.0958333 0.0796875 0.191667
702 2 0.0621094 0.102778 0.0742188 0.205556
702 2 0.903516 0.0951389 0.0804688 0.190278
703 2 0.0621094 0.102778 0.0726563 0.205556
703 2 0.900781 0.09375 0.0765625 0.1875
704 2 0.0589844 0.104167 0.0664062 0.208333
704 2 0.896094 0.0958333 0.0734375 0.191667
705 2 0.0585938 0.101389 0.05625 0.202778
705 2 0.890234 0.0958333 0.0804688 0.191667
706 2 0.0589844 0.102083 0.0679687 0.204167
706 2 0.885938 0.0951389 0.0796875 0.190278
707 2 0.0566406 0.101389 0.0601562 0.202778
707 2 0.88125 0.0888889 0.08125 0.177778
708 2 0.0589844 0.101389 0.0648438 0.202778
708 2 0.875 0.0833333 0.075 0.166667
709 2 0.0605469 0.100694 0.0664062 0.201389
709 2 0.869531 0.08125 0.071875 0.1625
710 2 0.0625 0.102083 0.0671875 0.204167
710 2 0.862109 0.08125 0.0804688 0.1625
711 2 0.0605469 0.0986111 0.0632813 0.197222
711 2 0.856641 0.0833333 0.0804688 0.166667
712 2 0.0625 0.0930556 0.05625 0.186111
712 2 0.85625 0.0826389 0.08125 0.165278
713 2 0.0628906 0.0951389 0.0585938 0.190278
713 2 0.853906 0.0847222 0.078125 0.169444
714 2 0.0644531 0.0986111 0.0695312 0.197222
714 2 0.847656 0.0840278 0.071875 0.168056
715 2 0.065625 0.0895833 0.0703125 0.179167
715 2 0.84375 0.0819444 0.071875 0.163889
716 2 0.0640625 0.0854167 0.06875 0.170833
716 2 0.838672 0.0847222 0.0710938 0.169444
717 2 0.0640625 0.0833333 0.0703125 0.166667
717 2 0.834375 0.0826389 0.075 0.165278
718 2 0.0628906 0.0840278 0.0710938 0.168056
718 2 0.83125 0.0819444 0.075 0.163889
719 2 0.0628906 0.0854167 0.0710938 0.170833
719 2 0.828516 0.0819444 0.0773437 0.163889
720 2 0.0628906 0.0861111 0.0710938 0.172222
720 2 0.824219 0.0805556 0.0734375 0.161111
721 2 0.0621094 0.0854167 0.0695312 0.170833
721 2 0.822266 0.0805556 0.0757812 0.161111
722 2 0.0621094 0.0861111 0.0554687 0.172222
722 2 0.817187 0.0756944 0.0703125 0.151389
723 2 0.0617188 0.0868056 0.059375 0.173611
723 2 0.814062 0.0743056 0.0703125 0.148611
724 2 0.0621094 0.0854167 0.0601562 0.170833
724 2 0.810156 0.0722222 0.0734375 0.144444
725 2 0.0636719 0.0805556 0.0679687 0.161111
725 2 0.804688 0.0715278 0.08125 0.143056
726 2 0.0628906 0.0805556 0.0695312 0.161111
726 2 0.802344 0.0729167 0.0765625 0.145833
727 2 0.799609 0.0756944 0.0726563 0.151389
727 2 0.06875 0.09444444444444444 0.0671875 0.17777777777777778
728 2 0.794141 0.0722222 0.0710938 0.144444
728 2 0.071875 0.08611111111111111 0.071875 0.16666666666666666
729 2 0.789062 0.0736111 0.0765625 0.147222
729 2 0.071875 0.08819444444444445 0.071875 0.17083333333333334
730 2 0.0636719 0.0805556 0.0742188 0.161111
730 2 0.785937 0.0722222 0.075 0.144444
731 2 0.0644531 0.0805556 0.0757812 0.161111
731 2 0.783203 0.0715278 0.0757812 0.143056
732 2 0.0664062 0.08125 0.0734375 0.1625
732 2 0.78125 0.0708333 0.075 0.141667
733 2 0.0683594 0.0798611 0.0757812 0.159722
733 2 0.777734 0.0715278 0.0726563 0.143056
734 2 0.06875 0.0756944 0.0796875 0.151389
734 2 0.774219 0.0708333 0.0671875 0.141667
735 2 0.0679687 0.0722222 0.0796875 0.144444
735 2 0.771875 0.0708333 0.065625 0.141667
736 2 0.0691406 0.06875 0.0789063 0.1375
736 2 0.769141 0.0708333 0.0664062 0.141667
737 2 0.06875 0.0729167 0.0765625 0.145833
737 2 0.766797 0.0694444 0.0664062 0.138889
738 2 0.0671875 0.0736111 0.0796875 0.147222
738 2 0.764844 0.0680556 0.065625 0.136111
739 2 0.0667969 0.0736111 0.0789063 0.147222
739 2 0.762109 0.0645833 0.0664062 0.129167
740 2 0.758203 0.0618056 0.0695312 0.123611
740 2 0.0667969 0.0743056 0.0773437 0.148611
741 2 0.753516 0.0631944 0.0757812 0.126389
741 2 0.065625 0.0743056 0.0796875 0.148611
742 2 0.747656 0.0659722 0.0765625 0.131944
742 2 0.0664062 0.075 0.078125 0.15
743 2 0.065625 0.075 0.0796875 0.15
743 2 0.746875 0.0666667 0.071875 0.133333
744 2 0.065625 0.0743056 0.0796875 0.148611
744 2 0.74375 0.0645833 0.071875 0.129167
745 2 0.065625 0.0736111 0.0796875 0.147222
745 2 0.741016 0.0638889 0.0726563 0.127778
746 2 0.0660156 0.0736111 0.0789063 0.147222
746 2 0.737891 0.0618056 0.0726563 0.123611
747 2 0.0667969 0.0729167 0.0773437 0.145833
747 2 0.734766 0.0611111 0.0710938 0.122222
748 2 0.0667969 0.0729167 0.0773437 0.145833
748 2 0.733203 0.0611111 0.0726563 0.122222
749 2 0.0679687 0.0729167 0.0796875 0.145833
749 2 0.73125 0.0611111 0.071875 0.122222
750 2 0.0695312 0.0736111 0.0796875 0.147222
750 2 0.728125 0.0604167 0.071875 0.120833
751 2 0.0699219 0.0743056 0.0835937 0.148611
751 2 0.726953 0.0611111 0.0695312 0.122222
752 2 0.0707031 0.0743056 0.0851562 0.148611
752 2 0.723828 0.0604167 0.0679687 0.120833
753 2 0.071875 0.075 0.0859375 0.15
753 2 0.721484 0.0597222 0.0679687 0.119444
754 2 0.0726563 0.0756944 0.0859375 0.151389
754 2 0.719531 0.0590278 0.0703125 0.118056
755 2 0.0738281 0.0763889 0.0851562 0.152778
755 2 0.717578 0.0583333 0.0710938 0.116667
756 2 0.075 0.0756944 0.084375 0.151389
756 2 0.715234 0.0576389 0.0710938 0.115278
757 2 0.075 0.0729167 0.0875 0.145833
757 2 0.713281 0.05625 0.0703125 0.1125
758 2 0.075 0.0708333 0.0875 0.141667
758 2 0.709375 0.05625 0.0734375 0.1125
759 2 0.705859 0.0569444 0.0773437 0.113889
759 2 0.0757812 0.0715278 0.0890625 0.143056
760 2 0.705859 0.0576389 0.0757812 0.115278
760 2 0.0761719 0.0743056 0.0898438 0.148611
761 2 0.704297 0.0583333 0.0742188 0.116667
761 2 0.0769531 0.075 0.0914062 0.15
762 2 0.703125 0.0583333 0.0734375 0.116667
762 2 0.0777344 0.075 0.0914062 0.15
763 2 0.701172 0.0576389 0.0710938 0.115278
763 2 0.078125 0.075 0.090625 0.15
764 2 0.700391 0.0583333 0.0695312 0.116667
764 2 0.0777344 0.0743056 0.0929687 0.148611
765 2 0.698047 0.0583333 0.0742188 0.116667
765 2 0.078125 0.0743056 0.0921875 0.148611
766 2 0.696484 0.0576389 0.0757812 0.115278
766 2 0.0789063 0.0743056 0.0890625 0.148611
767 2 0.694531 0.0576389 0.075 0.115278
767 2 0.0777344 0.0743056 0.0867188 0.148611
768 2 0.69375 0.0576389 0.0734375 0.115278
768 2 0.0777344 0.0743056 0.0851562 0.148611
769 2 0.692578 0.0576389 0.0726563 0.115278
769 2 0.0761719 0.0743056 0.0867188 0.148611
770 2 0.691016 0.0576389 0.0742188 0.115278
770 2 0.0742188 0.0736111 0.0890625 0.147222
771 2 0.691016 0.0576389 0.0757812 0.115278
771 2 0.0738281 0.0736111 0.0914062 0.147222
772 2 0.690625 0.0569444 0.0765625 0.113889
772 2 0.0742188 0.0743056 0.0921875 0.148611
773 2 0.689453 0.0576389 0.0742188 0.115278
773 2 0.0738281 0.0736111 0.0945313 0.147222
774 2 0.0730469 0.0736111 0.0960938 0.147222
774 2 0.687891 0.0576389 0.0726563 0.115278
775 2 0.687109 0.0569444 0.0726563 0.113889
775 2 0.0738281 0.0736111 0.0976562 0.147222
776 2 0.0726563 0.0729167 0.0984375 0.145833
776 2 0.686719 0.0576389 0.071875 0.115278
777 2 0.0722656 0.0729167 0.100781 0.145833
777 2 0.685938 0.0576389 0.071875 0.115278
778 2 0.0714844 0.0729167 0.100781 0.145833
778 2 0.684766 0.0576389 0.0726563 0.115278
779 2 0.980078 0.0972222 0.0382813 0.194444
779 2 0.0730469 0.0743056 0.100781 0.148611
779 2 0.684766 0.0576389 0.0726563 0.115278
780 2 0.978516 0.102778 0.0398437 0.205556
780 2 0.0722656 0.0736111 0.102344 0.147222
780 2 0.683984 0.0576389 0.0726563 0.115278
781 2 0.976172 0.105556 0.0429688 0.211111
781 2 0.0738281 0.0715278 0.0992187 0.143056
781 2 0.683984 0.0583333 0.0726563 0.116667
782 2 0.0753906 0.0708333 0.0960938 0.141667
782 2 0.972656 0.105556 0.0546875 0.211111
782 2 0.683594 0.0583333 0.0734375 0.116667
783 2 0.0738281 0.0715278 0.0976562 0.143056
783 2 0.682422 0.0576389 0.0726563 0.115278
783 2 0.971875 0.105556 0.05625 0.211111
784 2 0.682031 0.05625 0.071875 0.1125
784 2 0.0730469 0.0729167 0.100781 0.145833
784 2 0.970312 0.104167 0.059375 0.208333
785 2 0.680859 0.0527778 0.0710938 0.105556
785 2 0.0730469 0.0729167 0.100781 0.145833
785 2 0.969141 0.104167 0.0617188 0.208333
786 2 0.68125 0.0534722 0.0703125 0.106944
786 2 0.0734375 0.0729167 0.1 0.145833
786 2 0.966406 0.102778 0.065625 0.205556
787 2 0.68125 0.0534722 0.0703125 0.106944
787 2 0.0722656 0.0708333 0.0992187 0.141667
787 2 0.964844 0.102083 0.0671875 0.204167
788 2 0.071875 0.0708333 0.101562 0.141667
788 2 0.961719 0.102083 0.0765625 0.204167
788 2 0.68125 0.06041666666666667 0.071875 0.10694444444444444
789 2 0.0714844 0.0708333 0.100781 0.141667
789 2 0.959766 0.102778 0.0804688 0.205556
789 2 0.67890625 0.06041666666666667 0.071875 0.10416666666666667
790 2 0.0722656 0.0708333 0.102344 0.141667
790 2 0.958203 0.102083 0.0835937 0.204167
790 2 0.677734375 0.06180555555555556 0.06953125 0.10694444444444444
791 2 0.679297 0.0527778 0.0710938 0.105556
791 2 0.0742188 0.0722222 0.1 0.144444
791 2 0.957031 0.102778 0.0859375 0.205556
792 2 0.678906 0.0541667 0.0703125 0.108333
792 2 0.0746094 0.0729167 0.100781 0.145833
792 2 0.95625 0.102083 0.0875 0.204167
793 2 0.678906 0.0555556 0.0703125 0.111111
793 2 0.075 0.0729167 0.0984375 0.145833
793 2 0.955859 0.102083 0.0882813 0.204167
794 2 0.678125 0.0548611 0.06875 0.109722
794 2 0.0738281 0.0729167 0.0992187 0.145833
794 2 0.955469 0.102083 0.0890625 0.204167
795 2 0.678516 0.0555556 0.0695312 0.111111
795 2 0.0742188 0.0729167 0.1 0.145833
795 2 0.955469 0.102083 0.0890625 0.204167
796 2 0.678125 0.0555556 0.06875 0.111111
796 2 0.0722656 0.0722222 0.103906 0.144444
796 2 0.955469 0.102083 0.0890625 0.204167
797 2 0.678516 0.0555556 0.0695312 0.111111
797 2 0.0734375 0.0722222 0.1 0.144444
797 2 0.955078 0.0993056 0.0898438 0.198611
798 2 0.678125 0.0548611 0.06875 0.109722
798 2 0.0722656 0.0722222 0.102344 0.144444
798 2 0.954687 0.0958333 0.090625 0.191667
799 2 0.678516 0.0555556 0.0695312 0.111111
799 2 0.0695312 0.0722222 0.101562 0.144444
799 2 0.954297 0.0951389 0.0914062 0.190278
800 2 0.678516 0.0555556 0.0710938 0.111111
800 2 0.0691406 0.0722222 0.103906 0.144444
800 2 0.954297 0.0944444 0.0914062 0.188889
801 2 0.679297 0.0555556 0.0710938 0.111111
801 2 0.954297 0.0951389 0.0914062 0.190278
801 2 0.0679687 0.0722222 0.104687 0.144444
802 2 0.678906 0.0555556 0.071875 0.111111
802 2 0.0679687 0.0729167 0.103125 0.145833
802 2 0.955859 0.0958333 0.0882813 0.191667
803 2 0.679297 0.0555556 0.0726563 0.111111
803 2 0.0667969 0.0722222 0.105469 0.144444
803 2 0.957422 0.0951389 0.0851562 0.190278
804 2 0.679297 0.0555556 0.0726563 0.111111
804 2 0.0664062 0.0722222 0.10625 0.144444
804 2 0.957422 0.0951389 0.0851562 0.190278
805 2 0.679297 0.0555556 0.0726563 0.111111
805 2 0.0660156 0.0729167 0.108594 0.145833
805 2 0.957031 0.0951389 0.084375 0.190278
806 2 0.679688 0.05625 0.0734375 0.1125
806 2 0.0660156 0.075 0.102344 0.15
806 2 0.957031 0.0958333 0.084375 0.191667
807 2 0.680078 0.0555556 0.0726563 0.111111
807 2 0.0652344 0.0743056 0.103906 0.148611
807 2 0.955859 0.0965278 0.0867188 0.193056
808 2 0.679297 0.0555556 0.0726563 0.111111
808 2 0.0644531 0.0722222 0.103906 0.144444
808 2 0.954687 0.0965278 0.0890625 0.193056
809 2 0.679688 0.05625 0.0734375 0.1125
809 2 0.0652344 0.0715278 0.105469 0.143056
809 2 0.954687 0.0972222 0.0890625 0.194444
810 2 0.680078 0.05625 0.0726563 0.1125
810 2 0.0652344 0.0708333 0.102344 0.141667
810 2 0.954297 0.0965278 0.0898438 0.193056
811 2 0.679297 0.05625 0.0726563 0.1125
811 2 0.065625 0.0701389 0.103125 0.140278
811 2 0.953906 0.0958333 0.090625 0.191667
812 2 0.679297 0.05625 0.0726563 0.1125
812 2 0.0652344 0.0708333 0.0992187 0.141667
812 2 0.953125 0.0951389 0.0921875 0.190278
813 2 0.679688 0.05625 0.071875 0.1125
813 2 0.0652344 0.0715278 0.0976562 0.143056
813 2 0.952734 0.0951389 0.0929687 0.190278
814 2 0.679297 0.05625 0.0726563 0.1125
814 2 0.0660156 0.0715278 0.0976562 0.143056
814 2 0.951953 0.0951389 0.0945313 0.190278
815 2 0.679297 0.05625 0.0726563 0.1125
815 2 0.065625 0.0708333 0.0953125 0.141667
815 2 0.950781 0.0958333 0.096875 0.191667
816 2 0.678906 0.0555556 0.071875 0.111111
816 2 0.0660156 0.0715278 0.0960938 0.143056
816 2 0.949219 0.0951389 0.0984375 0.190278
817 2 0.679688 0.05625 0.071875 0.1125
817 2 0.0664062 0.0708333 0.0953125 0.141667
817 2 0.948438 0.0965278 0.0984375 0.190278
818 2 0.679688 0.05625 0.071875 0.1125
818 2 0.0660156 0.0708333 0.0914062 0.141667
818 2 0.947266 0.0979167 0.0992187 0.1875
819 2 0.679297 0.05625 0.0710938 0.1125
819 2 0.065625 0.0701389 0.0890625 0.140278
819 2 0.946094 0.0986111 0.1 0.183333
820 2 0.679297 0.05625 0.0710938 0.1125
820 2 0.0675781 0.0694444 0.0851562 0.138889
820 2 0.944141 0.0986111 0.102344 0.180556
821 2 0.679688 0.05625 0.071875 0.1125
821 2 0.941406 0.0986111 0.109375 0.177778
821 2 0.0679687 0.0708333 0.084375 0.141667
822 2 0.679688 0.05625 0.071875 0.1125
822 2 0.940234 0.0965278 0.111719 0.179167
822 2 0.0691406 0.0701389 0.0882813 0.140278
823 2 0.679688 0.05625 0.071875 0.1125
823 2 0.940234 0.0965278 0.111719 0.179167
823 2 0.0695312 0.0729167 0.0875 0.145833
824 2 0.680078 0.05625 0.0710938 0.1125
824 2 0.06875 0.075 0.0796875 0.15
824 2 0.939844 0.0951389 0.1125 0.179167
825 2 0.679297 0.0555556 0.0710938 0.111111
825 2 0.939062 0.0923611 0.1125 0.173611
825 2 0.0671875 0.0743056 0.0765625 0.148611
826 2 0.678906 0.0555556 0.071875 0.111111
826 2 0.0609375 0.0756944 0.0703125 0.151389
826 2 0.939062 0.0923611 0.1125 0.173611
827 2 0.679297 0.05625 0.0710938 0.1125
827 2 0.0582031 0.0763889 0.0664062 0.152778
827 2 0.940234 0.0965278 0.116406 0.168056
828 2 0.678906 0.05625 0.071875 0.1125
828 2 0.0582031 0.0770833 0.0679687 0.154167
828 2 0.939062 0.0902778 0.109375 0.161111
829 2 0.679297 0.0555556 0.0710938 0.111111
829 2 0.0585938 0.0763889 0.06875 0.152778
829 2 0.940625 0.0972222 0.114063 0.158333
830 2 0.679297 0.0555556 0.0710938 0.111111
830 2 0.0578125 0.0763889 0.0671875 0.152778
830 2 0.940625 0.0986111 0.114063 0.152778
831 2 0.679297 0.0555556 0.0710938 0.111111
831 2 0.0578125 0.0763889 0.0703125 0.152778
831 2 0.940234 0.0993056 0.113281 0.154167
832 2 0.678906 0.0555556 0.0703125 0.111111
832 2 0.936719 0.09375 0.110937 0.148611
832 2 0.0582031 0.0763889 0.0710938 0.152778
833 2 0.679297 0.0555556 0.0710938 0.111111
833 2 0.935938 0.09375 0.1125 0.145833
833 2 0.0578125 0.0763889 0.0734375 0.152778
834 2 0.678906 0.0555556 0.0703125 0.111111
834 2 0.935156 0.09375 0.1125 0.145833
834 2 0.0550781 0.0736111 0.0757812 0.147222
835 2 0.678906 0.0555556 0.0703125 0.111111
835 2 0.934766 0.0944444 0.113281 0.147222
835 2 0.0550781 0.0736111 0.0757812 0.147222
836 2 0.678906 0.0555556 0.0703125 0.111111
836 2 0.0546875 0.0736111 0.075 0.147222
836 2 0.934375 0.0944444 0.114063 0.147222
837 2 0.678125 0.0555556 0.0703125 0.111111
837 2 0.933203 0.0944444 0.114844 0.15
837 2 0.0539063 0.0736111 0.075 0.147222
838 2 0.933203 0.0923611 0.116406 0.148611
838 2 0.677734 0.0555556 0.0679687 0.111111
838 2 0.0535156 0.0736111 0.0742188 0.147222
839 2 0.677344 0.05625 0.0671875 0.1125
839 2 0.931641 0.0909722 0.116406 0.151389
839 2 0.0527344 0.0736111 0.0726563 0.147222
840 2 0.677344 0.05625 0.06875 0.1125
840 2 0.930859 0.0895833 0.116406 0.154167
840 2 0.0507812 0.0743056 0.06875 0.148611
841 2 0.676562 0.05625 0.0671875 0.1125
841 2 0.929688 0.0868056 0.115625 0.1625
841 2 0.0527344 0.0743056 0.0742188 0.148611
842 2 0.676172 0.0555556 0.0664062 0.111111
842 2 0.0535156 0.0743056 0.0726563 0.148611
842 2 0.928906 0.0854167 0.117188 0.1625
843 2 0.676172 0.05625 0.0679687 0.1125
843 2 0.0535156 0.0722222 0.0695312 0.144444
843 2 0.926953 0.0847222 0.116406 0.163889
844 2 0.676562 0.05625 0.0671875 0.1125
844 2 0.0539063 0.0722222 0.0671875 0.144444
844 2 0.925 0.0840278 0.115625 0.165278
845 2 0.676562 0.0555556 0.0703125 0.111111
845 2 0.0539063 0.0729167 0.06875 0.145833
845 2 0.923828 0.0833333 0.114844 0.166667
846 2 0.0546875 0.0729167 0.0671875 0.145833
846 2 0.676953 0.0555556 0.0710938 0.111111
846 2 0.923047 0.0840278 0.114844 0.168056
847 2 0.677344 0.0555556 0.0703125 0.111111
847 2 0.0570313 0.0756944 0.0640625 0.151389
847 2 0.921484 0.0826389 0.113281 0.165278
848 2 0.676562 0.0555556 0.06875 0.111111
848 2 0.0542969 0.0722222 0.0695312 0.144444
848 2 0.919922 0.0819444 0.111719 0.163889
849 2 0.675781 0.05625 0.06875 0.1125
849 2 0.0546875 0.0722222 0.06875 0.144444
849 2 0.919531 0.0861111 0.11875 0.172222
850 2 0.675781 0.05625 0.06875 0.1125
850 2 0.0550781 0.0729167 0.0679687 0.145833
850 2 0.91875 0.0854167 0.11875 0.170833
851 2 0.675781 0.0555556 0.0703125 0.111111
851 2 0.0550781 0.0722222 0.0679687 0.144444
851 2 0.917969 0.0861111 0.120312 0.172222
852 2 0.675781 0.0555556 0.0703125 0.111111
852 2 0.0546875 0.0722222 0.0671875 0.144444
852 2 0.915625 0.0840278 0.11875 0.168056
853 2 0.675391 0.05625 0.0695312 0.1125
853 2 0.0546875 0.0722222 0.0671875 0.144444
853 2 0.914453 0.0847222 0.119531 0.169444
854 2 0.675391 0.0555556 0.0695312 0.111111
854 2 0.0546875 0.0722222 0.06875 0.144444
854 2 0.914062 0.0847222 0.120312 0.169444
855 2 0.0542969 0.0722222 0.0679687 0.144444
855 2 0.674609 0.0555556 0.0710938 0.111111
855 2 0.911328 0.0840278 0.121094 0.168056
856 2 0.0550781 0.0722222 0.0664062 0.144444
856 2 0.674219 0.0548611 0.071875 0.109722
856 2 0.907812 0.0840278 0.123438 0.168056
857 2 0.0550781 0.0722222 0.0664062 0.144444
857 2 0.674219 0.0555556 0.071875 0.111111
857 2 0.907812 0.0847222 0.123438 0.169444
858 2 0.0542969 0.0722222 0.0679687 0.144444
858 2 0.673828 0.0555556 0.0726563 0.111111
858 2 0.90625 0.0840278 0.123438 0.168056
859 2 0.0546875 0.0722222 0.06875 0.144444
859 2 0.673828 0.0555556 0.0726563 0.111111
859 2 0.904688 0.0840278 0.123438 0.168056
860 2 0.0546875 0.0722222 0.0671875 0.144444
860 2 0.673047 0.0548611 0.0757812 0.109722
860 2 0.903516 0.0840278 0.122656 0.168056
861 2 0.0546875 0.0722222 0.0671875 0.144444
861 2 0.672656 0.0548611 0.075 0.109722
861 2 0.902344 0.0847222 0.120312 0.169444
862 2 0.0554687 0.0722222 0.06875 0.144444
862 2 0.673047 0.0555556 0.0757812 0.111111
862 2 0.901563 0.0840278 0.11875 0.168056
863 2 0.0550781 0.0722222 0.0679687 0.144444
863 2 0.673047 0.05625 0.0757812 0.1125
863 2 0.901172 0.0840278 0.117969 0.168056
864 2 0.0550781 0.0722222 0.0679687 0.144444
864 2 0.673047 0.0555556 0.0757812 0.111111
864 2 0.900391 0.0840278 0.117969 0.168056
865 2 0.0554687 0.0722222 0.0671875 0.144444
865 2 0.673437 0.0555556 0.078125 0.111111
865 2 0.9 0.0833333 0.117188 0.166667
866 2 0.0550781 0.0722222 0.0664062 0.144444
866 2 0.674219 0.0555556 0.078125 0.111111
866 2 0.9 0.0840278 0.117188 0.168056
867 2 0.0550781 0.0722222 0.0679687 0.144444
867 2 0.674219 0.05625 0.078125 0.1125
867 2 0.9 0.0840278 0.117188 0.168056
868 2 0.0550781 0.0722222 0.0648438 0.144444
868 2 0.676953 0.05625 0.0726563 0.1125
868 2 0.900391 0.0840278 0.116406 0.168056
869 2 0.0550781 0.0722222 0.0664062 0.144444
869 2 0.677344 0.05625 0.071875 0.1125
869 2 0.9 0.0840278 0.115625 0.168056
870 2 0.0546875 0.0722222 0.0671875 0.144444
870 2 0.677344 0.05625 0.0703125 0.1125
870 2 0.9 0.0847222 0.115625 0.169444
871 2 0.0554687 0.0722222 0.0671875 0.144444
871 2 0.676953 0.05625 0.0710938 0.1125
871 2 0.899609 0.0847222 0.114844 0.169444
872 2 0.0554687 0.0722222 0.0671875 0.144444
872 2 0.676562 0.05625 0.06875 0.1125
872 2 0.899219 0.0840278 0.114063 0.168056
873 2 0.0550781 0.0722222 0.0664062 0.144444
873 2 0.676562 0.05625 0.06875 0.1125
873 2 0.899609 0.0840278 0.114844 0.168056
874 2 0.0554687 0.0722222 0.0671875 0.144444
874 2 0.676172 0.0555556 0.0679687 0.111111
874 2 0.9 0.0840278 0.115625 0.168056
875 2 0.0554687 0.0722222 0.0671875 0.144444
875 2 0.676953 0.05625 0.0695312 0.1125
875 2 0.898828 0.0840278 0.113281 0.168056
876 2 0.676172 0.0555556 0.0679687 0.111111
876 2 0.0550781 0.0722222 0.0679687 0.144444
876 2 0.898438 0.0840278 0.1125 0.168056
877 2 0.0570313 0.0763889 0.0640625 0.152778
877 2 0.675781 0.05625 0.0671875 0.1125
877 2 0.899219 0.0847222 0.114063 0.169444
878 2 0.0554687 0.0722222 0.0671875 0.144444
878 2 0.675781 0.0555556 0.0671875 0.111111
878 2 0.900391 0.08125 0.113281 0.1625
879 2 0.0554687 0.0722222 0.0671875 0.144444
879 2 0.675391 0.05625 0.0679687 0.1125
879 2 0.9 0.0805556 0.1125 0.161111
880 2 0.0554687 0.0722222 0.0671875 0.144444
880 2 0.675781 0.05625 0.06875 0.1125
880 2 0.900391 0.0791667 0.111719 0.158333
881 2 0.0554687 0.0722222 0.0671875 0.144444
881 2 0.675781 0.0555556 0.06875 0.111111
881 2 0.9 0.0777778 0.1125 0.155556
882 2 0.0550781 0.0722222 0.0664062 0.144444
882 2 0.674609 0.0555556 0.0679687 0.111111
882 2 0.9 0.0791667 0.1125 0.158333
883 2 0.0542969 0.0722222 0.0648438 0.144444
883 2 0.673828 0.0555556 0.0679687 0.111111
883 2 0.899609 0.0805556 0.113281 0.161111
884 2 0.0550781 0.0722222 0.0679687 0.144444
884 2 0.674219 0.0555556 0.06875 0.111111
884 2 0.899219 0.0805556 0.1125 0.161111
885 2 0.0566406 0.0763889 0.0601562 0.152778
885 2 0.674219 0.0555556 0.06875 0.111111
885 2 0.898047 0.0805556 0.113281 0.161111
886 2 0.0554687 0.0715278 0.065625 0.143056
886 2 0.673437 0.0555556 0.06875 0.111111
886 2 0.898047 0.0805556 0.113281 0.161111
887 2 0.0570313 0.0756944 0.0609375 0.151389
887 2 0.673437 0.0555556 0.06875 0.111111
887 2 0.897656 0.08125 0.1125 0.1625
888 2 0.0570313 0.0763889 0.0625 0.152778
888 2 0.673047 0.0555556 0.0679687 0.111111
888 2 0.897266 0.08125 0.113281 0.1625
889 2 0.0570313 0.0763889 0.0625 0.152778
889 2 0.672656 0.0548611 0.06875 0.109722
889 2 0.895703 0.0861111 0.110156 0.163889
890 2 0.0570313 0.0763889 0.0625 0.152778
890 2 0.894531 0.0895833 0.1125 0.148611
890 2 0.672266 0.0548611 0.0679687 0.109722
891 2 0.893359 0.09375 0.114844 0.140278
891 2 0.0570313 0.0763889 0.0640625 0.152778
891 2 0.672266 0.0548611 0.0679687 0.109722
892 2 0.893359 0.0965278 0.117969 0.134722
892 2 0.0558594 0.0722222 0.0679687 0.144444
892 2 0.672266 0.0548611 0.0679687 0.109722
893 2 0.05625 0.0722222 0.06875 0.144444
893 2 0.672266 0.0548611 0.0679687 0.109722
893 2 0.898828125 0.10138888888888889 0.12734375 0.12777777777777777
894 2 0.0570313 0.0763889 0.0640625 0.152778
894 2 0.671094 0.0548611 0.06875 0.109722
894 2 0.892578125 0.10277777777777777 0.13984375 0.125
895 2 0.0554687 0.0722222 0.0671875 0.144444
895 2 0.671484 0.0548611 0.0679687 0.109722
895 2 0.890625 0.10416666666666667 0.1359375 0.12777777777777777
896 2 0.0554687 0.0722222 0.0671875 0.144444
896 2 0.671094 0.0548611 0.06875 0.109722
896 2 0.89375 0.1076388888888889 0.1296875 0.12083333333333333
897 2 0.0550781 0.0722222 0.0679687 0.144444
897 2 0.671484 0.0548611 0.0679687 0.109722
897 2 0.89375 0.1076388888888889 0.1296875 0.12083333333333333
898 2 0.0542969 0.0722222 0.0664062 0.144444
898 2 0.671094 0.0548611 0.0671875 0.109722
898 2 0.89375 0.10902777777777778 0.1328125 0.11805555555555555
899 2 0.0546875 0.0722222 0.0671875 0.144444
899 2 0.670703 0.0548611 0.0695312 0.109722
899 2 0.889453125 0.10625 0.12421875 0.11805555555555555
900 2 0.0554687 0.0722222 0.06875 0.144444
900 2 0.670703 0.0548611 0.0679687 0.109722
900 2 0.890234375 0.1076388888888889 0.12421875 0.11527777777777778
901 2 0.0554687 0.0722222 0.06875 0.144444
901 2 0.670313 0.0548611 0.06875 0.109722
901 2 0.892578125 0.10625 0.13515625 0.1125
902 2 0.0550781 0.0729167 0.0695312 0.145833
902 2 0.669922 0.0548611 0.0679687 0.109722
902 2 0.894140625 0.10347222222222222 0.13046875 0.11805555555555555
903 2 0.889453 0.104167 0.130469 0.111111
903 2 0.0570313 0.0763889 0.0640625 0.152778
903 2 0.669531 0.0541667 0.0671875 0.108333
904 2 0.889453 0.103472 0.130469 0.109722
904 2 0.0550781 0.0722222 0.0679687 0.144444
904 2 0.668359 0.0541667 0.0664062 0.108333
905 2 0.889453 0.104861 0.130469 0.109722
905 2 0.0546875 0.0729167 0.06875 0.145833
905 2 0.667969 0.0541667 0.0671875 0.108333
906 2 0.889453 0.102778 0.130469 0.113889
906 2 0.0554687 0.0722222 0.0671875 0.144444
906 2 0.668359 0.0548611 0.0664062 0.109722
907 2 0.889063 0.0972222 0.128125 0.125
907 2 0.0574219 0.0763889 0.0632813 0.152778
907 2 0.668359 0.0548611 0.0664062 0.109722
908 2 0.0550781 0.0722222 0.0664062 0.144444
908 2 0.889453 0.09375 0.127344 0.131944
908 2 0.668359 0.0548611 0.0664062 0.109722
909 2 0.889453 0.0888889 0.124219 0.144444
909 2 0.0574219 0.0756944 0.0648438 0.151389
909 2 0.667969 0.0548611 0.065625 0.109722
910 2 0.0578125 0.0763889 0.065625 0.152778
910 2 0.889844 0.0847222 0.121875 0.155556
910 2 0.668359 0.0541667 0.0664062 0.108333
911 2 0.0570313 0.0756944 0.065625 0.151389
911 2 0.66875 0.0548611 0.065625 0.109722
911 2 0.890234 0.0826389 0.121094 0.159722
912 2 0.0554687 0.0722222 0.06875 0.144444
912 2 0.66875 0.0541667 0.065625 0.108333
912 2 0.890625 0.0819444 0.120312 0.163889
913 2 0.0566406 0.0756944 0.0648438 0.151389
913 2 0.66875 0.0541667 0.065625 0.108333
913 2 0.890625 0.0819444 0.11875 0.163889
914 2 0.0554687 0.0722222 0.0703125 0.144444
914 2 0.66875 0.0541667 0.0640625 0.108333
914 2 0.891406 0.0819444 0.117188 0.163889
915 2 0.0570313 0.0756944 0.0671875 0.151389
915 2 0.669141 0.0548611 0.0648438 0.109722
915 2 0.89375 0.0861111 0.123438 0.166667
916 2 0.0554687 0.0729167 0.071875 0.145833
916 2 0.66875 0.0541667 0.0640625 0.108333
916 2 0.891406 0.0819444 0.117188 0.163889
917 2 0.0574219 0.0763889 0.0664062 0.152778
917 2 0.669141 0.0541667 0.0648438 0.108333
917 2 0.891797 0.0819444 0.117969 0.163889
918 2 0.0554687 0.0729167 0.0703125 0.145833
918 2 0.669141 0.0548611 0.0648438 0.109722
918 2 0.891797 0.0819444 0.116406 0.163889
