28006992-photo-1600329654155-9a798a51c5ce 0 0.1325 0.958797 0.265 0.0824053 0.00112449
28006992-photo-1600329654155-9a798a51c5ce 0 0.838333 0.256125 0.19 0.115813 0.00118163
28006992-photo-1600329654155-9a798a51c5ce 0 0.0483333 0.957684 0.0966667 0.0846325 0.0015569
28006992-photo-1600329654155-9a798a51c5ce 0 0.110833 0.181514 0.211667 0.167038 0.00213844
28006992-photo-1600329654155-9a798a51c5ce 0 0.104167 0.171492 0.191667 0.0935412 0.00791167
28006992-photo-1600329654155-9a798a51c5ce 0 0.458333 0.422049 0.693333 0.657016 0.870693
29058544-photo-1595672234107-dbc792655abf 1 0.948333 0.479218 0.0966667 0.772616 0.00123531
29058544-photo-1595672234107-dbc792655abf 1 0.729167 0.718826 0.328333 0.195599 0.00146535
29058544-photo-1595672234107-dbc792655abf 1 0.341667 0.443765 0.326667 0.462103 0.00200114
29058544-photo-1595672234107-dbc792655abf 1 0.443333 0.46088 0.526667 0.486553 0.00321817
29058544-photo-1595672234107-dbc792655abf 1 0.748333 0.720049 0.16 0.217604 0.00430804
29058544-photo-1595672234107-dbc792655abf 1 0.529167 0.432763 0.711667 0.640587 0.874334
308074031-480px 2 0.10625 0.752778 0.2125 0.494444 0.00100486
308074031-480px 1 0.55 0.5 0.466667 0.466667 0.00106134
308074031-480px 1 0.480208 0.0361111 0.152083 0.0722222 0.00110709
308074031-480px 1 0.966667 0.688889 0.0666667 0.338889 0.00112859
308074031-480px 1 0.478125 0.0430556 0.197917 0.0472222 0.00114413
308074031-480px 0 0.480208 0.0375 0.0854167 0.0694444 0.00134712
308074031-480px 1 0.48125 0.451389 0.4875 0.847222 0.00178358
308074031-480px 1 0.477083 0.5 0.320833 0.85 0.00179985
308074031-480px 0 0.963542 0.809722 0.06875 0.180556 0.00200367
308074031-480px 2 0.880208 0.415278 0.210417 0.830556 0.00206342
308074031-480px 1 0.877083 0.406944 0.245833 0.813889 0.00409994
308074031-480px 1 0.6 0.493056 0.6125 0.830556 0.907574
41018371-photo-1534627760265-69713192ade4 1 0.721667 0.945 0.11 0.11 0.00103691
41018371-photo-1534627760265-69713192ade4 2 0.391667 0.95125 0.133333 0.0975 0.00104016
41018371-photo-1534627760265-69713192ade4 1 0.63 0.9525 0.143333 0.095 0.00106751
41018371-photo-1534627760265-69713192ade4 0 0.526667 0.47375 0.586667 0.4375 0.00115764
41018371-photo-1534627760265-69713192ade4 0 0.718333 0.955 0.163333 0.09 0.00139724
41018371-photo-1534627760265-69713192ade4 0 0.165 0.95125 0.18 0.0975 0.00142617
41018371-photo-1534627760265-69713192ade4 1 0.714167 0.95375 0.158333 0.0925 0.00150698
41018371-photo-1534627760265-69713192ade4 1 0.2725 0.95625 0.115 0.0625 0.00156585
41018371-photo-1534627760265-69713192ade4 0 0.4775 0.2225 0.138333 0.155 0.00163379
41018371-photo-1534627760265-69713192ade4 1 0.281667 0.94125 0.0866667 0.1175 0.00179846
41018371-photo-1534627760265-69713192ade4 1 0.951667 0.935 0.0966667 0.13 0.00202197
41018371-photo-1534627760265-69713192ade4 0 0.27 0.9525 0.163333 0.095 0.00240638
41018371-photo-1534627760265-69713192ade4 0 0.631667 0.9525 0.143333 0.095 0.00397071
41018371-photo-1534627760265-69713192ade4 1 0.281667 0.9575 0.116667 0.085 0.00413715
41018371-photo-1534627760265-69713192ade4 1 0.28 0.9475 0.17 0.105 0.00509848
41018371-photo-1534627760265-69713192ade4 0 0.676667 0.47875 0.166667 0.3525 0.0426605
41018371-photo-1534627760265-69713192ade4 0 0.6775 0.475 0.238333 0.41 0.842475
41018371-photo-1534627760265-69713192ade4 0 0.435 0.52625 0.383333 0.4325 0.877694
51931452-photo-1604761628391-e125981dcb3d 1 0.23 0.703843 0.443333 0.592315 0.00108456
51931452-photo-1604761628391-e125981dcb3d 1 0.644167 0.0262418 0.601667 0.0524836 0.00118809
51931452-photo-1604761628391-e125981dcb3d 1 0.3925 0.0253046 0.578333 0.0506092 0.00153852
51931452-photo-1604761628391-e125981dcb3d 1 0.3 0.02015 0.58 0.0384255 0.00156917
51931452-photo-1604761628391-e125981dcb3d 1 0.401667 0.50656 0.803333 0.559513 0.00291543
51931452-photo-1604761628391-e125981dcb3d 1 0.454167 0.0337395 0.758333 0.0656045 0.00378443
51931452-photo-1604761628391-e125981dcb3d 1 0.455833 0.0234302 0.778333 0.0393627 0.0135038
51931452-photo-1604761628391-e125981dcb3d 1 0.383333 0.543112 0.74 0.381443 0.0198148
51931452-photo-1604761628391-e125981dcb3d 1 0.385833 0.665886 0.771667 0.625117 0.697398
76912066-photo-1586276632510-a680c3db9a10 0 0.634167 0.49375 0.331667 0.2125 0.00105095
76912066-photo-1586276632510-a680c3db9a10 0 0.189167 0.9425 0.368333 0.115 0.00106375
76912066-photo-1586276632510-a680c3db9a10 0 0.558333 0.45 0.32 0.19 0.00107281
76912066-photo-1586276632510-a680c3db9a10 0 0.0108333 0.58375 0.0216667 0.2425 0.00107946
76912066-photo-1586276632510-a680c3db9a10 1 0.483333 0.95625 0.3 0.0875 0.00115485
76912066-photo-1586276632510-a680c3db9a10 1 0.9525 0.93625 0.095 0.1275 0.0013583
76912066-photo-1586276632510-a680c3db9a10 0 0.02 0.6425 0.0333333 0.2 0.00144065
76912066-photo-1586276632510-a680c3db9a10 0 0.333333 0.52625 0.08 0.1075 0.00165083
76912066-photo-1586276632510-a680c3db9a10 0 0.0425 0.635 0.0783333 0.115 0.00165312
76912066-photo-1586276632510-a680c3db9a10 0 0.0275 0.5525 0.0516667 0.235 0.00170142
76912066-photo-1586276632510-a680c3db9a10 0 0.0208333 0.6175 0.0416667 0.14 0.00185305
76912066-photo-1586276632510-a680c3db9a10 0 0.259167 0.52125 0.075 0.0725 0.00187907
76912066-photo-1586276632510-a680c3db9a10 0 0.148333 0.58 0.0633333 0.055 0.00204679
76912066-photo-1586276632510-a680c3db9a10 0 0.0183333 0.49 0.0266667 0.3 0.0021065
76912066-photo-1586276632510-a680c3db9a10 0 0.0308333 0.63875 0.055 0.1775 0.00215383
76912066-photo-1586276632510-a680c3db9a10 1 0.628333 0.9625 0.17 0.075 0.0022531
76912066-photo-1586276632510-a680c3db9a10 0 0.0391667 0.60125 0.075 0.1575 0.00280264
76912066-photo-1586276632510-a680c3db9a10 0 0.4025 0.575 0.118333 0.04 0.00297924
76912066-photo-1586276632510-a680c3db9a10 1 0.468333 0.9625 0.16 0.075 0.0029922
76912066-photo-1586276632510-a680c3db9a10 0 0.505 0.18125 0.99 0.3625 0.0033047
76912066-photo-1586276632510-a680c3db9a10 0 0.0225 0.5825 0.045 0.17 0.00349925
76912066-photo-1586276632510-a680c3db9a10 0 0.5825 0.4575 0.201667 0.19 0.0039098
76912066-photo-1586276632510-a680c3db9a10 0 0.0216667 0.58875 0.0433333 0.2825 0.00436437
76912066-photo-1586276632510-a680c3db9a10 0 0.0158333 0.52625 0.0316667 0.3275 0.00473885
76912066-photo-1586276632510-a680c3db9a10 0 0.679167 0.49 0.188333 0.125 0.00504485
76912066-photo-1586276632510-a680c3db9a10 0 0.0283333 0.60375 0.0466667 0.1925 0.00610536
76912066-photo-1586276632510-a680c3db9a10 0 0.0208333 0.58625 0.0316667 0.2225 0.00679373
76912066-photo-1586276632510-a680c3db9a10 0 0.413333 0.22 0.826667 0.44 0.00877002
76912066-photo-1586276632510-a680c3db9a10 2 0.4025 0.20125 0.805 0.4025 0.0258742
76912066-photo-1586276632510-a680c3db9a10 0 0.630833 0.44375 0.145 0.1475 0.0451134
76912066-photo-1586276632510-a680c3db9a10 0 0.63 0.45 0.293333 0.22 0.883621
a0dcfb43-photo-1549216580-cdaa97339899 1 0.498333 0.563889 0.363333 0.363333 0.00106005
a0dcfb43-photo-1549216580-cdaa97339899 1 0.7525 0.783333 0.228333 0.0555556 0.00109632
a0dcfb43-photo-1549216580-cdaa97339899 1 0.696667 0.442222 0.0366667 0.0688889 0.00125414
a0dcfb43-photo-1549216580-cdaa97339899 1 0.526667 0.976111 0.733333 0.0477778 0.00137385
a0dcfb43-photo-1549216580-cdaa97339899 1 0.644167 0.577778 0.618333 0.417778 0.918423
a15ec123-image_9 1 0.0945455 0.967213 0.181818 0.0655738 0.00104458
a15ec123-image_9 1 0.658182 0.959016 0.283636 0.0819672 0.0010888
a15ec123-image_9 1 0.792727 0.972678 0.189091 0.0546448 0.00111701
a15ec123-image_9 1 0.641818 0.969945 0.185455 0.0601093 0.0011316
a15ec123-image_9 1 0.68 0.967213 0.509091 0.0655738 0.00123614
a15ec123-image_9 0 0.289091 0.592896 0.352727 0.57377 0.00130619
a15ec123-image_9 1 0.905455 0.983607 0.181818 0.0327869 0.00133685
a15ec123-image_9 1 0.732727 0.964481 0.309091 0.0710383 0.00148339
a15ec123-image_9 1 0.68 0.972678 0.189091 0.0546448 0.00161649
a15ec123-image_9 1 0.829091 0.964481 0.327273 0.0710383 0.00173876
a15ec123-image_9 0 0.832727 0.00819672 0.334545 0.0163934 0.00173921
a15ec123-image_9 1 0.905455 0.964481 0.181818 0.0710383 0.00688423
a15ec123-image_9 0 0.363636 0.546448 0.509091 0.677596 0.85542
a1f6b1c9-photo-1531512423823-672893a2b91d 0 0.0366667 0.903266 0.0733333 0.193467 0.00100437
a1f6b1c9-photo-1531512423823-672893a2b91d 0 0.9725 0.948492 0.0483333 0.103015 0.0010548
a1f6b1c9-photo-1531512423823-672893a2b91d 0 0.983333 0.667085 0.0333333 0.389447 0.00107952
a1f6b1c9-photo-1531512423823-672893a2b91d 0 0.979167 0.600502 0.0383333 0.351759 0.0011815
a1f6b1c9-photo-1531512423823-672893a2b91d 0 0.793333 0.973618 0.186667 0.0527638 0.00118819
a1f6b1c9-photo-1531512423823-672893a2b91d 0 0.328333 0.954774 0.17 0.0904523 0.00120897
a1f6b1c9-photo-1531512423823-672893a2b91d 1 0.06 0.934673 0.12 0.130653 0.00123717
a1f6b1c9-photo-1531512423823-672893a2b91d 0 0.9525 0.679648 0.095 0.173367 0.00128005
a1f6b1c9-photo-1531512423823-672893a2b91d 1 0.106667 0.957286 0.143333 0.0753769 0.0012917
a1f6b1c9-photo-1531512423823-672893a2b91d 0 0.494167 0.69598 0.198333 0.180905 0.00130214
a1f6b1c9-photo-1531512423823-672893a2b91d 0 0.980833 0.71608 0.0316667 0.231156 0.0013332
a1f6b1c9-photo-1531512423823-672893a2b91d 0 0.9675 0.961055 0.065 0.0778894 0.00159046
a1f6b1c9-photo-1531512423823-672893a2b91d 0 0.0533333 0.959799 0.106667 0.080402 0.00166881
a1f6b1c9-photo-1531512423823-672893a2b91d 0 0.9675 0.660804 0.055 0.256281 0.00176625
a1f6b1c9-photo-1531512423823-672893a2b91d 0 0.98 0.66206 0.03 0.248744 0.00265429
a1f6b1c9-photo-1531512423823-672893a2b91d 0 0.9125 0.96608 0.175 0.0678392 0.0029847
a1f6b1c9-photo-1531512423823-672893a2b91d 0 0.956667 0.95603 0.0833333 0.0879397 0.00467984
a1f6b1c9-photo-1531512423823-672893a2b91d 0 0.0466667 0.932161 0.0933333 0.135678 0.00684485
a1f6b1c9-photo-1531512423823-672893a2b91d 0 0.953333 0.967337 0.0933333 0.0653266 0.0232734
a1f6b1c9-photo-1531512423823-672893a2b91d 0 0.6175 0.610553 0.458333 0.351759 0.867373
a2723d1e-image_20 1 0.881783 0.953846 0.189922 0.0923077 0.00270677
a2723d1e-image_20 0 0.424419 0.584615 0.732558 0.533333 0.693144
a408e8ce-photo-1551254539-1e77a07f02ff 1 0.828333 0.938619 0.296667 0.122762 0.00103681
a408e8ce-photo-1551254539-1e77a07f02ff 0 0.565833 0.969309 0.155 0.0613811 0.00125386
a408e8ce-photo-1551254539-1e77a07f02ff 2 0.0616667 0.400256 0.123333 0.703325 0.00129097
a408e8ce-photo-1551254539-1e77a07f02ff 2 0.0358333 0.407928 0.0716667 0.7289 0.00194482
a408e8ce-photo-1551254539-1e77a07f02ff 2 0.119167 0.508951 0.228333 0.982097 0.00237187
a408e8ce-photo-1551254539-1e77a07f02ff 2 0.140833 0.345269 0.281667 0.690537 0.00428977
a408e8ce-photo-1551254539-1e77a07f02ff 1 0.634167 0.474425 0.398333 0.519182 0.940851
aaadab5a-photo-1550686379-ab264a08f029 0 0.685 0.03375 0.24 0.0675 0.00100746
aaadab5a-photo-1550686379-ab264a08f029 0 0.686667 0.05125 0.09 0.1025 0.00100983
aaadab5a-photo-1550686379-ab264a08f029 0 0.275833 0.08125 0.311667 0.1625 0.0010449
aaadab5a-photo-1550686379-ab264a08f029 0 0.115833 0.24375 0.231667 0.4875 0.00105395
aaadab5a-photo-1550686379-ab264a08f029 0 0.735 0.03875 0.276667 0.0775 0.0011153
aaadab5a-photo-1550686379-ab264a08f029 0 0.489167 0.66875 0.348333 0.2525 0.00113302
aaadab5a-photo-1550686379-ab264a08f029 0 0.4275 0.03375 0.185 0.0675 0.0011446
aaadab5a-photo-1550686379-ab264a08f029 0 0.730833 0.025 0.288333 0.05 0.00115529
aaadab5a-photo-1550686379-ab264a08f029 0 0.966667 0.06 0.0666667 0.12 0.00116326
aaadab5a-photo-1550686379-ab264a08f029 0 0.625 0.73875 0.14 0.1525 0.00117418
aaadab5a-photo-1550686379-ab264a08f029 0 0.953333 0.05625 0.0933333 0.1125 0.0012034
aaadab5a-photo-1550686379-ab264a08f029 0 0.701667 0.02875 0.176667 0.0575 0.00120451
aaadab5a-photo-1550686379-ab264a08f029 0 0.429167 0.9675 0.095 0.065 0.00126257
aaadab5a-photo-1550686379-ab264a08f029 0 0.796667 0.1875 0.0933333 0.18 0.00127018
aaadab5a-photo-1550686379-ab264a08f029 0 0.9625 0.04 0.075 0.08 0.00127634
aaadab5a-photo-1550686379-ab264a08f029 0 0.328333 0.035 0.15 0.07 0.00127798
aaadab5a-photo-1550686379-ab264a08f029 0 0.903333 0.0325 0.193333 0.065 0.00130319
aaadab5a-photo-1550686379-ab264a08f029 0 0.509167 0.4725 0.478333 0.765 0.00130636
aaadab5a-photo-1550686379-ab264a08f029 0 0.474167 0.05375 0.695 0.1075 0.00133909
aaadab5a-photo-1550686379-ab264a08f029 0 0.6575 0.20375 0.108333 0.0575 0.00136356
aaadab5a-photo-1550686379-ab264a08f029 0 0.500833 0.65625 0.378333 0.3975 0.00138333
aaadab5a-photo-1550686379-ab264a08f029 0 0.0891667 0.945 0.165 0.11 0.00140402
aaadab5a-photo-1550686379-ab264a08f029 0 0.95 0.41375 0.1 0.1475 0.00145845
aaadab5a-photo-1550686379-ab264a08f029 0 0.208333 0.025 0.1 0.05 0.00154252
aaadab5a-photo-1550686379-ab264a08f029 0 0.271667 0.045 0.09 0.09 0.00174624
aaadab5a-photo-1550686379-ab264a08f029 0 0.248333 0.46625 0.38 0.4725 0.00175112
aaadab5a-photo-1550686379-ab264a08f029 0 0.661667 0.2625 0.143333 0.065 0.00178153
aaadab5a-photo-1550686379-ab264a08f029 0 0.91 0.95 0.18 0.1 0.00180673
aaadab5a-photo-1550686379-ab264a08f029 0 0.664167 0.2225 0.151667 0.09 0.00181041
aaadab5a-photo-1550686379-ab264a08f029 0 0.261667 0.05125 0.143333 0.0975 0.00184734
aaadab5a-photo-1550686379-ab264a08f029 0 0.531667 0.195 0.136667 0.06 0.002261
aaadab5a-photo-1550686379-ab264a08f029 0 0.188333 0.1 0.103333 0.12 0.0024175
aaadab5a-photo-1550686379-ab264a08f029 0 0.856667 0.11 0.263333 0.22 0.00254607
aaadab5a-photo-1550686379-ab264a08f029 0 0.675 0.2675 0.16 0.105 0.00262771
aaadab5a-photo-1550686379-ab264a08f029 0 0.4725 0.03625 0.578333 0.0725 0.00263289
aaadab5a-photo-1550686379-ab264a08f029 0 0.685 0.31 0.16 0.105 0.00305765
aaadab5a-photo-1550686379-ab264a08f029 0 0.3225 0.05 0.271667 0.1 0.00332417
aaadab5a-photo-1550686379-ab264a08f029 0 0.280833 0.0225 0.148333 0.045 0.00415002
aaadab5a-photo-1550686379-ab264a08f029 0 0.300833 0.03 0.181667 0.06 0.00424388
aaadab5a-photo-1550686379-ab264a08f029 0 0.115833 0.42375 0.221667 0.8475 0.00432956
aaadab5a-photo-1550686379-ab264a08f029 0 0.356667 0.04375 0.413333 0.0875 0.0046569
aaadab5a-photo-1550686379-ab264a08f029 0 0.7975 0.1875 0.118333 0.125 0.00674311
aaadab5a-photo-1550686379-ab264a08f029 0 0.690833 0.035 0.138333 0.07 0.0154445
aaadab5a-photo-1550686379-ab264a08f029 0 0.480833 0.56 0.398333 0.53 0.0196064
aaadab5a-photo-1550686379-ab264a08f029 0 0.2725 0.04 0.135 0.08 0.029139
aaadab5a-photo-1550686379-ab264a08f029 0 0.281667 0.0425 0.21 0.085 0.063772
aaadab5a-photo-1550686379-ab264a08f029 0 0.444167 0.58625 0.291667 0.3975 0.0657455
aaadab5a-photo-1550686379-ab264a08f029 0 0.326667 0.48375 0.22 0.4275 0.837642
ac031c0c-photo-1588198154890-00e74bc72f20 1 0.650833 0.22625 0.178333 0.1575 0.00100691
ac031c0c-photo-1588198154890-00e74bc72f20 0 0.28 0.4075 0.533333 0.815 0.00101878
ac031c0c-photo-1588198154890-00e74bc72f20 0 0.81 0.60125 0.12 0.0925 0.00104808
ac031c0c-photo-1588198154890-00e74bc72f20 0 0.3125 0.92625 0.555 0.1475 0.0010556
ac031c0c-photo-1588198154890-00e74bc72f20 0 0.638333 0.89375 0.156667 0.1025 0.00106992
ac031c0c-photo-1588198154890-00e74bc72f20 0 0.305 0.9 0.61 0.2 0.00107606
ac031c0c-photo-1588198154890-00e74bc72f20 1 0.140833 0.93375 0.248333 0.1325 0.00117771
ac031c0c-photo-1588198154890-00e74bc72f20 0 0.0816667 0.60375 0.15 0.5175 0.00124423
ac031c0c-photo-1588198154890-00e74bc72f20 1 0.486667 0.18125 0.636667 0.3625 0.00129523
ac031c0c-photo-1588198154890-00e74bc72f20 0 0.145 0.40375 0.276667 0.8025 0.00139024
ac031c0c-photo-1588198154890-00e74bc72f20 0 0.119167 0.95125 0.238333 0.0975 0.00145894
ac031c0c-photo-1588198154890-00e74bc72f20 0 0.975833 0.41125 0.0483333 0.1525 0.00145935
ac031c0c-photo-1588198154890-00e74bc72f20 1 0.0766667 0.71125 0.15 0.2875 0.00155178
ac031c0c-photo-1588198154890-00e74bc72f20 0 0.985833 0.36125 0.0283333 0.2125 0.00242613
ac031c0c-photo-1588198154890-00e74bc72f20 1 0.606667 0.2175 0.24 0.185 0.00253731
ac031c0c-photo-1588198154890-00e74bc72f20 1 0.1625 0.4025 0.318333 0.765 0.00258739
ac031c0c-photo-1588198154890-00e74bc72f20 0 0.981667 0.34375 0.0366667 0.2925 0.00300695
ac031c0c-photo-1588198154890-00e74bc72f20 1 0.4125 0.16875 0.218333 0.3025 0.00309055
ac031c0c-photo-1588198154890-00e74bc72f20 1 0.555 0.185 0.333333 0.285 0.00312594
ac031c0c-photo-1588198154890-00e74bc72f20 1 0.666667 0.48875 0.156667 0.1475 0.00334858
ac031c0c-photo-1588198154890-00e74bc72f20 1 0.368333 0.3825 0.736667 0.765 0.00389946
ac031c0c-photo-1588198154890-00e74bc72f20 0 0.4025 0.96375 0.168333 0.0725 0.00391293
ac031c0c-photo-1588198154890-00e74bc72f20 0 0.66 0.8675 0.09 0.095 0.00412014
ac031c0c-photo-1588198154890-00e74bc72f20 0 0.2675 0.9475 0.501667 0.105 0.00460822
ac031c0c-photo-1588198154890-00e74bc72f20 0 0.648333 0.8625 0.166667 0.06 0.00812752
ac031c0c-photo-1588198154890-00e74bc72f20 0 0.5775 0.9475 0.145 0.105 0.0152226
ac031c0c-photo-1588198154890-00e74bc72f20 0 0.9775 0.37625 0.0416667 0.2025 0.0275637
ac031c0c-photo-1588198154890-00e74bc72f20 0 0.660833 0.8475 0.201667 0.235 0.0433662
ac031c0c-photo-1588198154890-00e74bc72f20 0 0.661667 0.8725 0.173333 0.105 0.858463
ada1648b-photo-1595067312884-49c3d38245c4 0 0.368333 0.965 0.18 0.07 0.00114182
ada1648b-photo-1595067312884-49c3d38245c4 0 0.95 0.97875 0.1 0.0425 0.00126851
ada1648b-photo-1595067312884-49c3d38245c4 0 0.0541667 0.8375 0.108333 0.08 0.0012786
ada1648b-photo-1595067312884-49c3d38245c4 0 0.748333 0.02 0.14 0.04 0.00129764
ada1648b-photo-1595067312884-49c3d38245c4 0 0.969167 0.95625 0.0616667 0.0875 0.00135662
ada1648b-photo-1595067312884-49c3d38245c4 0 0.400833 0.295 0.365 0.315 0.0015365
ada1648b-photo-1595067312884-49c3d38245c4 0 0.806667 0.82 0.156667 0.105 0.00158176
ada1648b-photo-1595067312884-49c3d38245c4 0 0.790833 0.42625 0.351667 0.3925 0.0019779
ada1648b-photo-1595067312884-49c3d38245c4 0 0.735 0.04875 0.12 0.0525 0.00204418
ada1648b-photo-1595067312884-49c3d38245c4 0 0.981667 0.28375 0.03 0.1825 0.00209908
ada1648b-photo-1595067312884-49c3d38245c4 0 0.978333 0.40125 0.04 0.2525 0.00216593
ada1648b-photo-1595067312884-49c3d38245c4 0 0.18 0.285 0.356667 0.32 0.0023619
ada1648b-photo-1595067312884-49c3d38245c4 0 0.834167 0.02875 0.321667 0.0575 0.00244443
ada1648b-photo-1595067312884-49c3d38245c4 0 0.955 0.9325 0.0833333 0.135 0.00260135
ada1648b-photo-1595067312884-49c3d38245c4 0 0.295833 0.62 0.338333 0.25 0.00427827
ada1648b-photo-1595067312884-49c3d38245c4 0 0.53 0.46375 0.94 0.4325 0.0045859
ada1648b-photo-1595067312884-49c3d38245c4 0 0.821667 0.95375 0.176667 0.0925 0.00493855
ada1648b-photo-1595067312884-49c3d38245c4 0 0.953333 0.95 0.0933333 0.1 0.00809876
ada1648b-photo-1595067312884-49c3d38245c4 0 0.64 0.4275 0.67 0.345 0.0187063
ada1648b-photo-1595067312884-49c3d38245c4 0 0.409167 0.58625 0.605 0.3225 0.425505
ada1648b-photo-1595067312884-49c3d38245c4 0 0.720833 0.42625 0.448333 0.3075 0.57876
ada1648b-photo-1595067312884-49c3d38245c4 0 0.305 0.285 0.583333 0.305 0.813537
ada315c6-photo-1558206356-8cd5d80de0de 1 0.0333333 0.1 0.06 0.2 0.00101655
ada315c6-photo-1558206356-8cd5d80de0de 1 0.608333 0.65875 0.196667 0.1625 0.00103183
ada315c6-photo-1558206356-8cd5d80de0de 0 0.608333 0.64625 0.196667 0.1725 0.00108557
ada315c6-photo-1558206356-8cd5d80de0de 0 0.263333 0.2975 0.24 0.38 0.00112353
ada315c6-photo-1558206356-8cd5d80de0de 1 0.285 0.7125 0.156667 0.22 0.00119029
ada315c6-photo-1558206356-8cd5d80de0de 1 0.5825 0.24125 0.155 0.3125 0.00129058
ada315c6-photo-1558206356-8cd5d80de0de 0 0.394167 0.66625 0.0916667 0.1725 0.00139472
ada315c6-photo-1558206356-8cd5d80de0de 1 0.3925 0.67625 0.121667 0.1975 0.00159993
ada315c6-photo-1558206356-8cd5d80de0de 1 0.6825 0.9525 0.128333 0.095 0.00163294
ada315c6-photo-1558206356-8cd5d80de0de 0 0.27 0.025 0.54 0.05 0.00166428
ada315c6-photo-1558206356-8cd5d80de0de 1 0.853333 0.9425 0.16 0.115 0.0019775
ada315c6-photo-1558206356-8cd5d80de0de 0 0.116667 0.165 0.233333 0.33 0.00215219
ada315c6-photo-1558206356-8cd5d80de0de 0 0.110833 0.1 0.221667 0.2 0.00233003
ada315c6-photo-1558206356-8cd5d80de0de 0 0.618333 0.575 0.236667 0.36 0.00369168
ada315c6-photo-1558206356-8cd5d80de0de 0 0.745 0.56 0.16 0.28 0.00394278
ada315c6-photo-1558206356-8cd5d80de0de 0 0.121667 0.2625 0.243333 0.525 0.00503604
ada315c6-photo-1558206356-8cd5d80de0de 0 0.535 0.5575 0.666667 0.415 0.00518913
ada315c6-photo-1558206356-8cd5d80de0de 0 0.270833 0.41125 0.165 0.1875 0.00652303
ada315c6-photo-1558206356-8cd5d80de0de 0 0.6025 0.56375 0.355 0.4225 0.0105926
ada315c6-photo-1558206356-8cd5d80de0de 0 0.27 0.37875 0.153333 0.3525 0.0109314
ada315c6-photo-1558206356-8cd5d80de0de 0 0.364167 0.2575 0.545 0.515 0.0151669
ada315c6-photo-1558206356-8cd5d80de0de 0 0.74 0.55625 0.24 0.3575 0.0501791
ada315c6-photo-1558206356-8cd5d80de0de 0 0.265833 0.275 0.345 0.505 0.0507403
ada315c6-photo-1558206356-8cd5d80de0de 0 0.684167 0.57375 0.345 0.4075 0.351345
ada4894a-photo-1581538300037-7b2677ffee60 0 0.4975 0.02875 0.258333 0.0575 0.00101749
ada4894a-photo-1581538300037-7b2677ffee60 1 0.44 0.0975 0.09 0.07 0.0010267
ada4894a-photo-1581538300037-7b2677ffee60 1 0.6525 0.12 0.115 0.08 0.0010493
ada4894a-photo-1581538300037-7b2677ffee60 0 0.035 0.1775 0.07 0.35 0.00107857
ada4894a-photo-1581538300037-7b2677ffee60 0 0.0325 0.1125 0.065 0.225 0.00107965
ada4894a-photo-1581538300037-7b2677ffee60 0 0.679167 0.0225 0.148333 0.045 0.00111256
ada4894a-photo-1581538300037-7b2677ffee60 0 0.7675 0.025 0.141667 0.05 0.00112077
ada4894a-photo-1581538300037-7b2677ffee60 0 0.0608333 0.43875 0.121667 0.7125 0.00118263
ada4894a-photo-1581538300037-7b2677ffee60 0 0.155 0.0325 0.293333 0.065 0.00122158
ada4894a-photo-1581538300037-7b2677ffee60 0 0.815 0.03 0.14 0.06 0.00123625
ada4894a-photo-1581538300037-7b2677ffee60 0 0.641667 0.03125 0.153333 0.0625 0.0013177
ada4894a-photo-1581538300037-7b2677ffee60 0 0.970833 0.63625 0.0583333 0.4925 0.00132396
ada4894a-photo-1581538300037-7b2677ffee60 0 0.834167 0.45 0.331667 0.9 0.00137724
ada4894a-photo-1581538300037-7b2677ffee60 1 0.789167 0.13125 0.095 0.0775 0.00137881
ada4894a-photo-1581538300037-7b2677ffee60 0 0.488333 0.01875 0.19 0.0375 0.00139594
ada4894a-photo-1581538300037-7b2677ffee60 1 0.6625 0.0975 0.118333 0.07 0.00146625
ada4894a-photo-1581538300037-7b2677ffee60 0 0.985833 0.755 0.025 0.235 0.00152736
ada4894a-photo-1581538300037-7b2677ffee60 1 0.48 0.13125 0.133333 0.0775 0.00155913
ada4894a-photo-1581538300037-7b2677ffee60 0 0.9625 0.44 0.075 0.82 0.00157679
ada4894a-photo-1581538300037-7b2677ffee60 0 0.975833 0.7 0.0383333 0.25 0.00169228
ada4894a-photo-1581538300037-7b2677ffee60 0 0.976667 0.84625 0.0433333 0.1825 0.00188155
ada4894a-photo-1581538300037-7b2677ffee60 0 0.04 0.155 0.0733333 0.225 0.00189698
ada4894a-photo-1581538300037-7b2677ffee60 1 0.370833 0.02125 0.121667 0.0425 0.00192708
ada4894a-photo-1581538300037-7b2677ffee60 0 0.0333333 0.19 0.06 0.22 0.00216209
ada4894a-photo-1581538300037-7b2677ffee60 1 0.545 0.97125 0.126667 0.0575 0.00233269
ada4894a-photo-1581538300037-7b2677ffee60 0 0.755833 0.05125 0.141667 0.0675 0.00235493
ada4894a-photo-1581538300037-7b2677ffee60 0 0.775833 0.055 0.155 0.09 0.00253334
ada4894a-photo-1581538300037-7b2677ffee60 0 0.9725 0.78875 0.0483333 0.2225 0.00264054
ada4894a-photo-1581538300037-7b2677ffee60 0 0.0233333 0.10625 0.04 0.2125 0.00293484
ada4894a-photo-1581538300037-7b2677ffee60 0 0.535 0.0525 0.103333 0.065 0.00307784
ada4894a-photo-1581538300037-7b2677ffee60 0 0.9775 0.8075 0.045 0.145 0.00319626
ada4894a-photo-1581538300037-7b2677ffee60 0 0.9725 0.7325 0.0516667 0.26 0.00342895
ada4894a-photo-1581538300037-7b2677ffee60 0 0.5375 0.07875 0.111667 0.0775 0.00376879
ada4894a-photo-1581538300037-7b2677ffee60 0 0.975833 0.73625 0.0483333 0.1825 0.00381016
ada4894a-photo-1581538300037-7b2677ffee60 0 0.0308333 0.13625 0.0483333 0.2225 0.00384452
ada4894a-photo-1581538300037-7b2677ffee60 0 0.79 0.03875 0.153333 0.0775 0.00393686
ada4894a-photo-1581538300037-7b2677ffee60 0 0.9775 0.755 0.0383333 0.23 0.00847194
ada4894a-photo-1581538300037-7b2677ffee60 1 0.756667 0.0575 0.123333 0.07 0.0151379
ada4894a-photo-1581538300037-7b2677ffee60 0 0.3825 0.4225 0.741667 0.6 0.0719032
ada4894a-photo-1581538300037-7b2677ffee60 0 0.3825 0.49375 0.718333 0.3625 0.69393
af0d294c-photo-1527539617617-76852f5d570b 1 0.363333 0.976667 0.07 0.0466667 0.00103883
af0d294c-photo-1527539617617-76852f5d570b 0 0.881667 0.668333 0.236667 0.627778 0.00108831
af0d294c-photo-1527539617617-76852f5d570b 2 0.935 0.565556 0.13 0.58 0.00123013
af0d294c-photo-1527539617617-76852f5d570b 1 0.22 0.941667 0.406667 0.116667 0.00124094
af0d294c-photo-1527539617617-76852f5d570b 1 0.4425 0.085 0.125 0.0877778 0.00147759
af0d294c-photo-1527539617617-76852f5d570b 1 0.4425 0.177778 0.0716667 0.117778 0.00150212
af0d294c-photo-1527539617617-76852f5d570b 0 0.483333 0.825 0.853333 0.343333 0.00151344
af0d294c-photo-1527539617617-76852f5d570b 1 0.520833 0.926111 0.841667 0.138889 0.00152133
af0d294c-photo-1527539617617-76852f5d570b 1 0.435833 0.0955556 0.0783333 0.06 0.00161817
af0d294c-photo-1527539617617-76852f5d570b 1 0.263333 0.986667 0.27 0.0266667 0.00162854
af0d294c-photo-1527539617617-76852f5d570b 1 0.364167 0.973333 0.168333 0.0533333 0.00167441
af0d294c-photo-1527539617617-76852f5d570b 0 0.7425 0.510556 0.515 0.978889 0.00169332
af0d294c-photo-1527539617617-76852f5d570b 1 0.7725 0.798889 0.448333 0.402222 0.00169362
af0d294c-photo-1527539617617-76852f5d570b 1 0.360833 0.972222 0.278333 0.0555556 0.00176487
af0d294c-photo-1527539617617-76852f5d570b 1 0.455 0.968889 0.813333 0.0555556 0.00189673
af0d294c-photo-1527539617617-76852f5d570b 0 0.9375 0.573889 0.125 0.536667 0.00200296
af0d294c-photo-1527539617617-76852f5d570b 1 0.775833 0.915 0.448333 0.167778 0.00232845
af0d294c-photo-1527539617617-76852f5d570b 0 0.890833 0.663889 0.185 0.478889 0.00262894
af0d294c-photo-1527539617617-76852f5d570b 1 0.486667 0.172222 0.216667 0.0888889 0.00269425
af0d294c-photo-1527539617617-76852f5d570b 1 0.3625 0.977222 0.365 0.0455556 0.00271834
af0d294c-photo-1527539617617-76852f5d570b 1 0.526667 0.861111 0.856667 0.277778 0.00311111
af0d294c-photo-1527539617617-76852f5d570b 1 0.42 0.106111 0.08 0.07 0.00311501
af0d294c-photo-1527539617617-76852f5d570b 1 0.345 0.986667 0.133333 0.0266667 0.00339692
af0d294c-photo-1527539617617-76852f5d570b 1 0.293333 0.971667 0.226667 0.0566667 0.00352582
af0d294c-photo-1527539617617-76852f5d570b 1 0.321667 0.985 0.21 0.03 0.00360047
af0d294c-photo-1527539617617-76852f5d570b 1 0.450833 0.173333 0.138333 0.104444 0.00362497
af0d294c-photo-1527539617617-76852f5d570b 0 0.779167 0.744444 0.441667 0.24 0.00417579
af0d294c-photo-1527539617617-76852f5d570b 1 0.25 0.973889 0.36 0.05 0.00443574
af0d294c-photo-1527539617617-76852f5d570b 1 0.408333 0.115556 0.15 0.0844444 0.00488695
af0d294c-photo-1527539617617-76852f5d570b 0 0.9175 0.671667 0.165 0.578889 0.00501676
af0d294c-photo-1527539617617-76852f5d570b 1 0.4325 0.0905556 0.195 0.0766667 0.00736678
af0d294c-photo-1527539617617-76852f5d570b 1 0.356667 0.981111 0.22 0.0377778 0.00793368
af0d294c-photo-1527539617617-76852f5d570b 0 0.815833 0.631667 0.365 0.694444 0.00834456
af0d294c-photo-1527539617617-76852f5d570b 1 0.441667 0.112222 0.196667 0.102222 0.00873129
af0d294c-photo-1527539617617-76852f5d570b 1 0.291667 0.979444 0.306667 0.0411111 0.00874127
af0d294c-photo-1527539617617-76852f5d570b 0 0.613333 0.782778 0.693333 0.434444 0.0114956
af0d294c-photo-1527539617617-76852f5d570b 1 0.446667 0.0933333 0.32 0.148889 0.0220751
af0d294c-photo-1527539617617-76852f5d570b 1 0.358333 0.981111 0.126667 0.0377778 0.0357639
af0d294c-photo-1527539617617-76852f5d570b 0 0.773333 0.740556 0.443333 0.478889 0.0873238
af0d294c-photo-1527539617617-76852f5d570b 1 0.43 0.102778 0.14 0.0944444 0.797008
b141c104-image_16 1 0.870656 0.0206186 0.258687 0.0412371 0.00121971
b141c104-image_16 1 0.835907 0.0438144 0.328185 0.0876289 0.00205006
b141c104-image_16 1 0.830116 0.0257732 0.339768 0.0412371 0.00248063
b141c104-image_16 1 0.80888 0.0335052 0.382239 0.0670103 0.00248255
b141c104-image_16 1 0.523166 0.0309278 0.6139 0.0618557 0.00261958
b141c104-image_16 0 0.554054 0.371134 0.891892 0.742268 0.00436593
b141c104-image_16 1 0.671815 0.0309278 0.594595 0.0618557 0.00469461
b141c104-image_16 0 0.330116 0.556701 0.405405 0.752577 0.0149996
b141c104-image_16 0 0.567568 0.572165 0.833977 0.742268 0.556995
b1d70248-photo-1579444798661-ce60beaa0413 1 0.6675 0.462667 0.418333 0.424 0.00117888
b1d70248-photo-1579444798661-ce60beaa0413 0 0.338333 0.957333 0.623333 0.0853333 0.00149284
b1d70248-photo-1579444798661-ce60beaa0413 0 0.270833 0.94 0.511667 0.12 0.00185997
b1d70248-photo-1579444798661-ce60beaa0413 1 0.88 0.0326667 0.233333 0.0653333 0.00187957
b1d70248-photo-1579444798661-ce60beaa0413 0 0.266667 0.830667 0.52 0.338667 0.00241767
b1d70248-photo-1579444798661-ce60beaa0413 0 0.4625 0.958667 0.771667 0.0693333 0.0031328
b1d70248-photo-1579444798661-ce60beaa0413 0 0.489167 0.890667 0.978333 0.218667 0.00369244
b1d70248-photo-1579444798661-ce60beaa0413 0 0.475833 0.942 0.951667 0.116 0.00860917
b1d70248-photo-1579444798661-ce60beaa0413 0 0.505833 0.410667 0.755 0.56 0.157778
b1d70248-photo-1579444798661-ce60beaa0413 1 0.498333 0.434667 0.766667 0.490667 0.58719
b2f8ee01-photo-1604082668185-e8a2d4f6cc99 1 0.339167 0.763889 0.095 0.127778 0.00110548
b2f8ee01-photo-1604082668185-e8a2d4f6cc99 1 0.456667 0.561111 0.196667 0.248889 0.00126362
b2f8ee01-photo-1604082668185-e8a2d4f6cc99 1 0.264167 0.767222 0.121667 0.0722222 0.00128935
b2f8ee01-photo-1604082668185-e8a2d4f6cc99 0 0.71 0.826667 0.256667 0.0666667 0.00145479
b2f8ee01-photo-1604082668185-e8a2d4f6cc99 1 0.4 0.767222 0.0733333 0.0455556 0.00208627
b2f8ee01-photo-1604082668185-e8a2d4f6cc99 1 0.346667 0.768889 0.0766667 0.06 0.00512017
b2f8ee01-photo-1604082668185-e8a2d4f6cc99 1 0.520833 0.563889 0.325 0.274444 0.915478
b60f9c21-photo-1586276633990-fb6092e2de01 0 0.05 0.97625 0.0866667 0.0475 0.00102345
b60f9c21-photo-1586276633990-fb6092e2de01 0 0.834167 0.01 0.331667 0.02 0.00110663
b60f9c21-photo-1586276633990-fb6092e2de01 0 0.955 0.8875 0.09 0.165 0.0011455
b60f9c21-photo-1586276633990-fb6092e2de01 0 0.9825 0.885 0.035 0.175 0.00118793
b60f9c21-photo-1586276633990-fb6092e2de01 0 0.985833 0.88375 0.0216667 0.2325 0.00121221
b60f9c21-photo-1586276633990-fb6092e2de01 0 0.9525 0.95625 0.095 0.0875 0.00122993
b60f9c21-photo-1586276633990-fb6092e2de01 0 0.0691667 0.44625 0.138333 0.8725 0.0019985
b60f9c21-photo-1586276633990-fb6092e2de01 0 0.959167 0.90375 0.0683333 0.1925 0.00224272
b60f9c21-photo-1586276633990-fb6092e2de01 0 0.628333 0.965 0.19 0.07 0.00235565
b60f9c21-photo-1586276633990-fb6092e2de01 0 0.903333 0.58 0.183333 0.125 0.00240698
b60f9c21-photo-1586276633990-fb6092e2de01 0 0.970833 0.94125 0.0583333 0.1175 0.00255685
b60f9c21-photo-1586276633990-fb6092e2de01 0 0.981667 0.9475 0.0366667 0.105 0.00270886
b60f9c21-photo-1586276633990-fb6092e2de01 0 0.0541667 0.98375 0.108333 0.0325 0.00299116
b60f9c21-photo-1586276633990-fb6092e2de01 0 0.856667 0.9575 0.286667 0.085 0.00306197
b60f9c21-photo-1586276633990-fb6092e2de01 0 0.035 0.44625 0.07 0.8925 0.00329964
b60f9c21-photo-1586276633990-fb6092e2de01 0 0.98 0.85625 0.04 0.2875 0.00396948
b60f9c21-photo-1586276633990-fb6092e2de01 0 0.956667 0.93625 0.0866667 0.1275 0.00402191
b60f9c21-photo-1586276633990-fb6092e2de01 0 0.9375 0.9525 0.125 0.095 0.00416142
b60f9c21-photo-1586276633990-fb6092e2de01 0 0.985 0.9225 0.0266667 0.155 0.00491376
b60f9c21-photo-1586276633990-fb6092e2de01 0 0.905833 0.615 0.185 0.11 0.00864812
b60f9c21-photo-1586276633990-fb6092e2de01 0 0.904167 0.9475 0.188333 0.105 0.00897482
b60f9c21-photo-1586276633990-fb6092e2de01 0 0.973333 0.89375 0.0466667 0.2125 0.0114099
b60f9c21-photo-1586276633990-fb6092e2de01 0 0.976667 0.9525 0.0466667 0.095 0.014859
b60f9c21-photo-1586276633990-fb6092e2de01 0 0.976667 0.90625 0.0466667 0.1625 0.0164813
b60f9c21-photo-1586276633990-fb6092e2de01 0 0.978333 0.9275 0.0433333 0.145 0.041667
b60f9c21-photo-1586276633990-fb6092e2de01 0 0.489167 0.4625 0.218333 0.355 0.0738287
b60f9c21-photo-1586276633990-fb6092e2de01 0 0.484167 0.4575 0.191667 0.625 0.851354
b8266ef5-photo-1560190929-c3a0e7db1d7d 1 0.905 0.0411111 0.19 0.06 0.00117694
b8266ef5-photo-1560190929-c3a0e7db1d7d 1 0.0233333 0.257778 0.0433333 0.515556 0.00118409
b8266ef5-photo-1560190929-c3a0e7db1d7d 2 0.835 0.977778 0.283333 0.0444444 0.00131661
b8266ef5-photo-1560190929-c3a0e7db1d7d 1 0.0308333 0.447778 0.0616667 0.842222 0.00161707
b8266ef5-photo-1560190929-c3a0e7db1d7d 1 0.466667 0.482222 0.21 0.555556 0.0025288
b8266ef5-photo-1560190929-c3a0e7db1d7d 1 0.0316667 0.285556 0.0633333 0.557778 0.00545346
b8266ef5-photo-1560190929-c3a0e7db1d7d 1 0.3925 0.48 0.145 0.36 0.01012
b8266ef5-photo-1560190929-c3a0e7db1d7d 1 0.400833 0.481111 0.308333 0.304444 0.0228547
b8266ef5-photo-1560190929-c3a0e7db1d7d 1 0.539167 0.514444 0.145 0.393333 0.0297686
b8266ef5-photo-1560190929-c3a0e7db1d7d 1 0.5425 0.518889 0.268333 0.326667 0.036748
b8266ef5-photo-1560190929-c3a0e7db1d7d 1 0.405833 0.478889 0.275 0.571111 0.895928
b8266ef5-photo-1560190929-c3a0e7db1d7d 1 0.541667 0.508889 0.236667 0.528889 0.931599
b86ddbbb-photo-1581074429373-ccb7e514d54b 1 0.790833 0.958647 0.185 0.0827068 0.001206
b86ddbbb-photo-1581074429373-ccb7e514d54b 0 0.833333 0.850877 0.333333 0.298246 0.001265
b86ddbbb-photo-1581074429373-ccb7e514d54b 1 0.833333 0.923559 0.323333 0.152882 0.00130534
b86ddbbb-photo-1581074429373-ccb7e514d54b 1 0.703333 0.958647 0.186667 0.0827068 0.00195541
b86ddbbb-photo-1581074429373-ccb7e514d54b 1 0.835 0.95614 0.313333 0.0877193 0.00231073
b86ddbbb-photo-1581074429373-ccb7e514d54b 0 0.806667 0.323308 0.0966667 0.0802005 0.00300706
b86ddbbb-photo-1581074429373-ccb7e514d54b 1 0.901667 0.947368 0.183333 0.105263 0.00354192
b86ddbbb-photo-1581074429373-ccb7e514d54b 0 0.238333 0.689223 0.47 0.616541 0.892044
baa24d78-photo-1583860247580-e492d2b9186d 1 0.27 0.959227 0.166667 0.0815451 0.00100979
baa24d78-photo-1583860247580-e492d2b9186d 1 0.404167 0.959227 0.178333 0.0815451 0.00102704
baa24d78-photo-1583860247580-e492d2b9186d 1 0.43 0.949571 0.23 0.100858 0.00108688
baa24d78-photo-1583860247580-e492d2b9186d 2 0.915833 0.502146 0.161667 0.995708 0.00113863
baa24d78-photo-1583860247580-e492d2b9186d 1 0.741667 0.9603 0.19 0.0793991 0.00124857
baa24d78-photo-1583860247580-e492d2b9186d 1 0.108333 0.961373 0.203333 0.0772532 0.00142617
baa24d78-photo-1583860247580-e492d2b9186d 1 0.324167 0.589056 0.511667 0.418455 0.00180579
baa24d78-photo-1583860247580-e492d2b9186d 1 0.429167 0.968884 0.175 0.0622318 0.00194036
baa24d78-photo-1583860247580-e492d2b9186d 1 0.73 0.95279 0.27 0.0944206 0.00197197
baa24d78-photo-1583860247580-e492d2b9186d 2 0.878333 0.495708 0.243333 0.991416 0.00218826
baa24d78-photo-1583860247580-e492d2b9186d 1 0.330833 0.593348 0.411667 0.281116 0.00220603
baa24d78-photo-1583860247580-e492d2b9186d 2 0.9425 0.577253 0.108333 0.845494 0.00488884
baa24d78-photo-1583860247580-e492d2b9186d 1 0.445 0.513949 0.703333 0.723176 0.800745
bad90450-photo-1562224347-aabe787839a6 1 0.5125 0.5475 0.581667 0.675 0.926308
bcdbde3e-photo-1549479047-7af9b52e5bc2 1 0.570833 0.215 0.0883333 0.15 0.00101929
bcdbde3e-photo-1549479047-7af9b52e5bc2 1 0.0333333 0.945 0.0533333 0.11 0.0010506
bcdbde3e-photo-1549479047-7af9b52e5bc2 1 0.1775 0.94125 0.321667 0.1175 0.00107057
bcdbde3e-photo-1549479047-7af9b52e5bc2 1 0.9625 0.95125 0.055 0.0975 0.00108641
bcdbde3e-photo-1549479047-7af9b52e5bc2 1 0.0425 0.45375 0.0783333 0.1775 0.00110193
bcdbde3e-photo-1549479047-7af9b52e5bc2 1 0.640833 0.76625 0.281667 0.2575 0.00114999
bcdbde3e-photo-1549479047-7af9b52e5bc2 1 0.694167 0.435 0.191667 0.18 0.00116229
bcdbde3e-photo-1549479047-7af9b52e5bc2 1 0.9475 0.9625 0.085 0.07 0.00118223
bcdbde3e-photo-1549479047-7af9b52e5bc2 1 0.988333 0.39875 0.0233333 0.1775 0.00118701
bcdbde3e-photo-1549479047-7af9b52e5bc2 1 0.988333 0.345 0.0233333 0.205 0.00119004
bcdbde3e-photo-1549479047-7af9b52e5bc2 1 0.983333 0.4875 0.03 0.285 0.00119274
bcdbde3e-photo-1549479047-7af9b52e5bc2 1 0.9625 0.9575 0.0683333 0.07 0.00121939
bcdbde3e-photo-1549479047-7af9b52e5bc2 1 0.985 0.56 0.03 0.325 0.00122567
bcdbde3e-photo-1549479047-7af9b52e5bc2 1 0.3725 0.70875 0.148333 0.3675 0.00124201
bcdbde3e-photo-1549479047-7af9b52e5bc2 1 0.105 0.3725 0.19 0.125 0.0012472
bcdbde3e-photo-1549479047-7af9b52e5bc2 1 0.975 0.37625 0.05 0.1725 0.00128112
bcdbde3e-photo-1549479047-7af9b52e5bc2 1 0.9825 0.40375 0.035 0.2525 0.0013017
bcdbde3e-photo-1549479047-7af9b52e5bc2 1 0.160833 0.21 0.121667 0.18 0.0013116
bcdbde3e-photo-1549479047-7af9b52e5bc2 0 0.0283333 0.19375 0.0566667 0.2675 0.00138855
bcdbde3e-photo-1549479047-7af9b52e5bc2 1 0.981667 0.415 0.0366667 0.145 0.00148718
bcdbde3e-photo-1549479047-7af9b52e5bc2 1 0.460833 0.3975 0.145 0.19 0.00154683
bcdbde3e-photo-1549479047-7af9b52e5bc2 1 0.67 0.22625 0.136667 0.1425 0.00154997
bcdbde3e-photo-1549479047-7af9b52e5bc2 1 0.655833 0.77 0.191667 0.185 0.00158189
bcdbde3e-photo-1549479047-7af9b52e5bc2 1 0.956667 0.35625 0.0733333 0.2225 0.00163673
bcdbde3e-photo-1549479047-7af9b52e5bc2 1 0.0566667 0.455 0.113333 0.135 0.00163779
bcdbde3e-photo-1549479047-7af9b52e5bc2 1 0.95 0.34375 0.1 0.1875 0.00168789
bcdbde3e-photo-1549479047-7af9b52e5bc2 1 0.823333 0.7375 0.173333 0.135 0.00169287
bcdbde3e-photo-1549479047-7af9b52e5bc2 1 0.0291667 0.32375 0.0583333 0.2275 0.00170544
bcdbde3e-photo-1549479047-7af9b52e5bc2 1 0.0241667 0.3275 0.0483333 0.35 0.00179857
bcdbde3e-photo-1549479047-7af9b52e5bc2 1 0.923333 0.2725 0.153333 0.26 0.0018829
bcdbde3e-photo-1549479047-7af9b52e5bc2 1 0.926667 0.35375 0.09 0.1775 0.0018931
bcdbde3e-photo-1549479047-7af9b52e5bc2 1 0.98 0.3525 0.0333333 0.225 0.00198873
bcdbde3e-photo-1549479047-7af9b52e5bc2 1 0.938333 0.955 0.123333 0.09 0.00209486
bcdbde3e-photo-1549479047-7af9b52e5bc2 1 0.9425 0.30625 0.0916667 0.1825 0.00214642
bcdbde3e-photo-1549479047-7af9b52e5bc2 1 0.534167 0.5925 0.378333 0.25 0.00217845
bcdbde3e-photo-1549479047-7af9b52e5bc2 1 0.978333 0.3275 0.0433333 0.185 0.00218554
bcdbde3e-photo-1549479047-7af9b52e5bc2 1 0.515833 0.39625 0.0916667 0.2325 0.00233826
bcdbde3e-photo-1549479047-7af9b52e5bc2 1 0.23 0.96375 0.226667 0.0725 0.00245737
bcdbde3e-photo-1549479047-7af9b52e5bc2 1 0.529167 0.71125 0.151667 0.1425 0.00253411
bcdbde3e-photo-1549479047-7af9b52e5bc2 1 0.155 0.40125 0.17 0.1175 0.00257025
bcdbde3e-photo-1549479047-7af9b52e5bc2 1 0.515833 0.40625 0.161667 0.1925 0.00267184
bcdbde3e-photo-1549479047-7af9b52e5bc2 1 0.474167 0.38875 0.0983333 0.2375 0.0026946
bcdbde3e-photo-1549479047-7af9b52e5bc2 0 0.0408333 0.21125 0.0816667 0.1275 0.00270856
bcdbde3e-photo-1549479047-7af9b52e5bc2 1 0.960833 0.94875 0.0783333 0.1025 0.00274202
bcdbde3e-photo-1549479047-7af9b52e5bc2 0 0.025 0.23125 0.0366667 0.1775 0.00276851
bcdbde3e-photo-1549479047-7af9b52e5bc2 0 0.5175 0.61125 0.358333 0.1625 0.00283104
bcdbde3e-photo-1549479047-7af9b52e5bc2 1 0.565 0.6075 0.153333 0.135 0.00285029
bcdbde3e-photo-1549479047-7af9b52e5bc2 1 0.0158333 0.36125 0.0283333 0.3125 0.00291897
bcdbde3e-photo-1549479047-7af9b52e5bc2 1 0.605 0.23625 0.176667 0.1725 0.0029397
bcdbde3e-photo-1549479047-7af9b52e5bc2 0 0.0266667 0.25 0.0533333 0.235 0.00320362
bcdbde3e-photo-1549479047-7af9b52e5bc2 1 0.0291667 0.25 0.0583333 0.215 0.00330392
bcdbde3e-photo-1549479047-7af9b52e5bc2 1 0.7325 0.76125 0.145 0.1325 0.00337032
bcdbde3e-photo-1549479047-7af9b52e5bc2 1 0.5825 0.22 0.141667 0.13 0.00411079
bcdbde3e-photo-1549479047-7af9b52e5bc2 1 0.174167 0.39625 0.175 0.1725 0.00423402
bcdbde3e-photo-1549479047-7af9b52e5bc2 1 0.154167 0.39 0.0916667 0.135 0.00453682
bcdbde3e-photo-1549479047-7af9b52e5bc2 1 0.969167 0.34125 0.055 0.2175 0.0058271
bcdbde3e-photo-1549479047-7af9b52e5bc2 1 0.938333 0.28375 0.123333 0.1275 0.00583554
bcdbde3e-photo-1549479047-7af9b52e5bc2 1 0.2875 0.97 0.105 0.06 0.00691064
bcdbde3e-photo-1549479047-7af9b52e5bc2 1 0.0175 0.29375 0.035 0.2575 0.00764787
bcdbde3e-photo-1549479047-7af9b52e5bc2 0 0.03 0.2125 0.0533333 0.165 0.00892446
bcdbde3e-photo-1549479047-7af9b52e5bc2 1 0.914167 0.38375 0.171667 0.1275 0.0115323
bcdbde3e-photo-1549479047-7af9b52e5bc2 1 0.815833 0.44875 0.195 0.1725 0.0119573
bcdbde3e-photo-1549479047-7af9b52e5bc2 1 0.590833 0.61 0.188333 0.18 0.0157076
bcdbde3e-photo-1549479047-7af9b52e5bc2 1 0.4175 0.71375 0.155 0.3225 0.0167415
bcdbde3e-photo-1549479047-7af9b52e5bc2 1 0.7425 0.42875 0.141667 0.2025 0.0197052
bcdbde3e-photo-1549479047-7af9b52e5bc2 1 0.4925 0.3925 0.095 0.19 0.0263277
bcdbde3e-photo-1549479047-7af9b52e5bc2 1 0.579167 0.24875 0.111667 0.1825 0.0513235
bcdbde3e-photo-1549479047-7af9b52e5bc2 1 0.123333 0.3975 0.153333 0.155 0.0798981
bcdbde3e-photo-1549479047-7af9b52e5bc2 1 0.539167 0.62 0.295 0.185 0.126444
bcdbde3e-photo-1549479047-7af9b52e5bc2 1 0.915833 0.33625 0.168333 0.2125 0.211899
bcdbde3e-photo-1549479047-7af9b52e5bc2 1 0.500833 0.67875 0.408333 0.3375 0.290398
bcdbde3e-photo-1549479047-7af9b52e5bc2 1 0.673333 0.23 0.323333 0.2 0.52533
bcdbde3e-photo-1549479047-7af9b52e5bc2 1 0.42 0.715 0.26 0.41 0.722537
bcdbde3e-photo-1549479047-7af9b52e5bc2 1 0.724167 0.765 0.361667 0.24 0.817791
bcdbde3e-photo-1549479047-7af9b52e5bc2 1 0.125833 0.39875 0.248333 0.1875 0.819865
bcdbde3e-photo-1549479047-7af9b52e5bc2 1 0.186667 0.2075 0.13 0.215 0.836768
bcdbde3e-photo-1549479047-7af9b52e5bc2 1 0.7475 0.43625 0.328333 0.2575 0.883143
bcdbde3e-photo-1549479047-7af9b52e5bc2 1 0.386667 0.29125 0.12 0.2675 0.884598
bcdbde3e-photo-1549479047-7af9b52e5bc2 1 0.489167 0.3925 0.181667 0.25 0.917687
c4b64774-photo-1584991934159-00e3771243c3 2 0.909167 0.838667 0.151667 0.314667 0.00101564
c4b64774-photo-1584991934159-00e3771243c3 1 0.62 0.488667 0.163333 0.244 0.00129497
c4b64774-photo-1584991934159-00e3771243c3 2 0.0916667 0.915333 0.183333 0.169333 0.00136257
c4b64774-photo-1584991934159-00e3771243c3 1 0.715833 0.961333 0.568333 0.072 0.00161591
c4b64774-photo-1584991934159-00e3771243c3 0 0.508333 0.897333 0.983333 0.2 0.00171883
c4b64774-photo-1584991934159-00e3771243c3 1 0.795833 0.918667 0.408333 0.154667 0.00182466
c4b64774-photo-1584991934159-00e3771243c3 1 0.5225 0.493333 0.655 0.293333 0.00205742
c4b64774-photo-1584991934159-00e3771243c3 0 0.478333 0.954667 0.946667 0.088 0.00234952
c4b64774-photo-1584991934159-00e3771243c3 1 0.549167 0.488667 0.348333 0.270667 0.00244137
c4b64774-photo-1584991934159-00e3771243c3 0 0.5 0.930667 1 0.138667 0.00348522
c4b64774-photo-1584991934159-00e3771243c3 1 0.525833 0.96 0.798333 0.0666667 0.00459927
c4b64774-photo-1584991934159-00e3771243c3 1 0.515 0.945333 0.97 0.109333 0.0102092
c4b64774-photo-1584991934159-00e3771243c3 1 0.395833 0.486667 0.185 0.208 0.0535521
c4b64774-photo-1584991934159-00e3771243c3 1 0.678333 0.494667 0.2 0.24 0.13778
c4b64774-photo-1584991934159-00e3771243c3 1 0.681667 0.497333 0.296667 0.277333 0.866632
c4b64774-photo-1584991934159-00e3771243c3 1 0.395 0.487333 0.376667 0.270667 0.929861
c75ba6c6-photo-1593720440805-c637694b4ea8 1 0.43 0.559044 0.603333 0.270853 0.00118845
c75ba6c6-photo-1593720440805-c637694b4ea8 1 0.4225 0.510309 0.711667 0.405811 0.929762
c7afe0e2-photo-1525535136511-e730793ef1a5 0 0.5 0.347769 1 0.669291 0.00133169
c7afe0e2-photo-1525535136511-e730793ef1a5 1 0.933333 0.55643 0.133333 0.614173 0.00143711
c7afe0e2-photo-1525535136511-e730793ef1a5 1 0.8875 0.675853 0.225 0.35958 0.00195746
c7afe0e2-photo-1525535136511-e730793ef1a5 1 0.8825 0.56168 0.221667 0.608924 0.00505916
c7afe0e2-photo-1525535136511-e730793ef1a5 1 0.521667 0.686352 0.156667 0.296588 0.140536
c7afe0e2-photo-1525535136511-e730793ef1a5 1 0.528333 0.688976 0.236667 0.343832 0.905282
c9de2d64-photo-1534695941753-73cf13435eb4 1 0.395 0.525556 0.656667 0.617778 0.00140164
c9de2d64-photo-1534695941753-73cf13435eb4 1 0.453333 0.83 0.263333 0.0933333 0.00258443
c9de2d64-photo-1534695941753-73cf13435eb4 1 0.565 0.575556 0.87 0.402222 0.107278
c9de2d64-photo-1534695941753-73cf13435eb4 1 0.5575 0.566667 0.885 0.668889 0.892629
e460nx 2 0.452206 0.483333 0.688725 0.385185 0.00151522
e460nx 2 0.76348 0.694444 0.218137 0.281481 0.00169603
e460nx 2 0.480392 0.481481 0.764706 0.644444 0.889091
ebrj9c 2 0.260156 0.705817 0.348437 0.516779 0.00244685
ebrj9c 2 0.213281 0.634228 0.342187 0.440716 0.0088135
ebrj9c 2 0.809375 0.493289 0.38125 0.923937 0.724987
ebrj9c 2 0.367188 0.654362 0.63125 0.588367 0.849507
ebrj9m 2 0.185156 0.438479 0.320312 0.402685 0.00100151
ebrj9m 2 0.0359375 0.342282 0.065625 0.210291 0.00107378
ebrj9m 2 0.0617188 0.0447427 0.123438 0.0850112 0.00107764
ebrj9m 2 0.0351562 0.331096 0.0703125 0.326622 0.00109047
ebrj9m 2 0.54375 0.340045 0.23125 0.33557 0.00171693
ebrj9m 2 0.7125 0.368009 0.140625 0.41387 0.00182161
ebrj9m 2 0.0203125 0.302013 0.040625 0.42953 0.00203073
ebrj9m 2 0.05625 0.337808 0.1125 0.42953 0.00242177
ebrj9m 2 0.242969 0.383669 0.342187 0.427293 0.00306407
ebrj9m 2 0.422656 0.346756 0.614062 0.644295 0.00402987
ebrj9m 2 0.0304688 0.309843 0.0609375 0.50783 0.0057146
ebrj9m 2 0.524219 0.340045 0.167187 0.469799 0.0058189
ebrj9m 2 0.303125 0.337808 0.253125 0.357942 0.00649437
ebrj9m 2 0.0804688 0.329978 0.160938 0.583893 0.00686108
ebrj9m 2 0.310937 0.336689 0.365625 0.472036 0.0104064
ebrj9m 2 0.120312 0.371365 0.240625 0.545861 0.0146531
ebrj9m 2 0.194531 0.379195 0.389062 0.53915 0.0207174
ebrj9m 2 0.326562 0.401566 0.59375 0.512304 0.0956812
ebrj9m 2 0.638281 0.356823 0.439063 0.525727 0.225543
ebrj9m 2 0.559375 0.3434 0.2625 0.588367 0.672085
ebrj9m 2 0.711719 0.381432 0.314063 0.458613 0.752139
em49w6 2 0.691406 0.0805369 0.123438 0.161074 0.00101642
em49w6 2 0.626562 0.480984 0.31875 0.577181 0.00102363
em49w6 2 0.780469 0.0782998 0.126563 0.1566 0.00104124
em49w6 2 0.78125 0.0771812 0.0875 0.0738255 0.00104796
em49w6 0 0.0601562 0.116331 0.120312 0.232662 0.00105271
em49w6 0 0.121875 0.105145 0.24375 0.210291 0.00105683
em49w6 0 0.0851562 0.0827741 0.170312 0.165548 0.00105799
em49w6 2 0.0179687 0.270694 0.0359375 0.465324 0.00108496
em49w6 2 0.961719 0.436242 0.0671875 0.469799 0.00110234
em49w6 2 0.979688 0.446309 0.034375 0.838926 0.00112358
em49w6 2 0.0367187 0.176734 0.0734375 0.353468 0.00113974
em49w6 2 0.0648438 0.102908 0.123438 0.205817 0.00115467
em49w6 2 0.065625 0.162192 0.13125 0.324385 0.00121309
em49w6 2 0.0195312 0.12528 0.0359375 0.250559 0.00125116
em49w6 0 0.0359375 0.0950783 0.071875 0.190157 0.00132205
em49w6 2 0.0273438 0.232662 0.0546875 0.465324 0.00139644
em49w6 0 0.0164062 0.338926 0.0328125 0.364653 0.00141863
em49w6 0 0.178906 0.918344 0.332812 0.145414 0.00164239
em49w6 2 0.0335938 0.120805 0.0671875 0.241611 0.00174453
em49w6 2 0.946875 0.383669 0.10625 0.767338 0.00188165
em49w6 2 0.509375 0.646532 0.35 0.434004 0.00305573
em49w6 2 0.963281 0.446309 0.0734375 0.709172 0.00350872
em49w6 2 0.516406 0.649888 0.189063 0.360179 0.0037583
em49w6 2 0.699219 0.49217 0.476562 0.644295 0.84045
em4ad3 0 0.129688 0.0917226 0.259375 0.183445 0.00103957
em4ad3 0 0.0445312 0.256152 0.0859375 0.230425 0.00109018
em4ad3 2 0.509375 0.467562 0.0875 0.250559 0.001191
em4ad3 2 0.071875 0.378076 0.14375 0.756152 0.00120317
em4ad3 0 0.917969 0.260626 0.164062 0.521253 0.00127112
em4ad3 2 0.489062 0.302013 0.234375 0.344519 0.0013414
em4ad3 0 0.9375 0.129754 0.125 0.259508 0.00153087
em4ad3 0 0.0875 0.0659955 0.175 0.131991 0.00156453
em4ad3 0 0.15 0.233781 0.3 0.467562 0.00159263
em4ad3 0 0.0367187 0.354586 0.0734375 0.709172 0.00159396
em4ad3 0 0.85625 0.118568 0.2875 0.237136 0.00166958
em4ad3 0 0.153906 0.121924 0.307813 0.243848 0.00196623
em4ad3 0 0.028125 0.268456 0.05 0.536913 0.00224581
em4ad3 2 0.0429688 0.448546 0.0859375 0.883669 0.00334136
em4ad3 2 0.610937 0.502237 0.128125 0.454139 0.00380073
em4ad3 0 0.0648438 0.0973154 0.129688 0.190157 0.00407623
em4ad3 2 0.105469 0.303132 0.210938 0.606264 0.00408111
em4ad3 0 0.0492188 0.118568 0.0921875 0.237136 0.00432783
em4ad3 0 0.9125 0.11745 0.171875 0.230425 0.00466735
em4ad3 0 0.0859375 0.126398 0.171875 0.239374 0.00957269
em4ad3 2 0.0523437 0.312081 0.104687 0.624161 0.0119486
em4ad3 2 0.514063 0.44519 0.28125 0.612975 0.0138078
em4ad3 0 0.111719 0.177852 0.223438 0.355705 0.0141561
em4ad3 0 0.0632813 0.304251 0.126563 0.608501 0.0177609
em4ad3 0 0.0609375 0.163311 0.115625 0.299776 0.0231564
em4ad3 0 0.05 0.232662 0.096875 0.42953 0.0513397
em4ad3 2 0.474219 0.384787 0.204688 0.474273 0.135872
em4ad3 2 0.614844 0.520134 0.326562 0.521253 0.870163
ercn9c 1 0.0304688 0.372483 0.0609375 0.642058 0.00107864
ercn9c 1 0.0671875 0.478747 0.121875 0.85906 0.00108378
ercn9c 1 0.961719 0.6566 0.0765625 0.646532 0.00112203
ercn9c 1 0.967188 0.106264 0.065625 0.212528 0.00114323
ercn9c 1 0.161719 0.930649 0.323438 0.138702 0.00231356
ercn9c 1 0.660937 0.60179 0.678125 0.64877 0.0037371
ercn9c 0 0.638281 0.610738 0.723437 0.693512 0.587497
f3c042 1 0.564844 0.352349 0.870313 0.677852 0.00105213
f3c042 1 0.960156 0.408277 0.0796875 0.807606 0.0015397
f3c042 1 0.935156 0.442953 0.129688 0.680089 0.00381902
f3c042 0 0.691406 0.407159 0.554688 0.796421 0.00995062
f3c042 1 0.675781 0.428412 0.617188 0.780761 0.245731
f3c042 0 0.575781 0.469799 0.817187 0.836689 0.591122
f3c043 1 0.746398 0.813889 0.149856 0.0833333 0.00104842
f3c043 1 0.511527 0.806481 0.170029 0.105556 0.00105588
f3c043 1 0.134006 0.0814815 0.25072 0.162963 0.00106919
f3c043 2 0.0360231 0.628704 0.0720461 0.309259 0.00110624
f3c043 2 0.0389049 0.513889 0.0778098 0.546296 0.00128739
f3c043 1 0.569164 0.810185 0.25072 0.131481 0.00181292
f3c043 1 0.373199 0.737037 0.100865 0.0518519 0.00183732
f3c043 2 0.0230548 0.413889 0.0461095 0.431481 0.00226145
f3c043 1 0.569164 0.812037 0.14121 0.0944444 0.00302457
f3c043 2 0.0302594 0.589815 0.0605187 0.464815 0.00404438
f3c043 2 0.674352 0.465741 0.553314 0.594444 0.85872
f3c048 2 0.0289063 0.402685 0.0546875 0.223714 0.0010776
f3c048 2 0.10625 0.446309 0.203125 0.753915 0.00108108
f3c048 2 0.960156 0.616331 0.0703125 0.449664 0.00119059
f3c048 1 0.125 0.94519 0.25 0.10962 0.00119162
f3c048 2 0.0726563 0.312081 0.145313 0.606264 0.00123193
f3c048 2 0.916406 0.691275 0.160938 0.572707 0.00127821
f3c048 2 0.0132813 0.407159 0.0265625 0.322148 0.00132441
f3c048 0 0.0203125 0.33557 0.03125 0.322148 0.001409
f3c048 2 0.0320312 0.146532 0.0640625 0.293065 0.00141006
f3c048 2 0.944531 0.719239 0.110937 0.561521 0.00141224
f3c048 2 0.964844 0.447427 0.0703125 0.348993 0.00142201
f3c048 2 0.959375 0.314318 0.08125 0.628635 0.00144832
f3c048 2 0.95 0.451902 0.1 0.809843 0.00149229
f3c048 2 0.164844 0.178971 0.329688 0.348993 0.00168873
f3c048 2 0.973437 0.447427 0.046875 0.478747 0.00175708
f3c048 2 0.602344 0.59396 0.373437 0.324385 0.00182688
f3c048 2 0.654688 0.545861 0.56875 0.675615 0.00189811
f3c048 0 0.0140625 0.334452 0.028125 0.364653 0.00194808
f3c048 2 0.015625 0.373602 0.03125 0.407159 0.00202094
f3c048 2 0.942969 0.5783 0.114063 0.458613 0.00216974
f3c048 0 0.114844 0.187919 0.229687 0.375839 0.00234165
f3c048 2 0.964844 0.681208 0.0703125 0.637584 0.00234334
f3c048 2 0.915625 0.142058 0.16875 0.284116 0.00238579
f3c048 0 0.0289063 0.185682 0.0515625 0.362416 0.0024339
f3c048 2 0.121094 0.242729 0.242188 0.485459 0.00293041
f3c048 2 0.028125 0.306488 0.053125 0.599553 0.00298384
f3c048 2 0.0195312 0.514541 0.0390625 0.483221 0.00308857
f3c048 2 0.0195312 0.270694 0.0359375 0.420582 0.00322271
f3c048 2 0.0359375 0.231544 0.071875 0.463087 0.00374674
f3c048 1 0.1625 0.922819 0.325 0.154362 0.00397856
f3c048 2 0.0664062 0.187919 0.132812 0.375839 0.00420967
f3c048 2 0.946875 0.473154 0.10625 0.463087 0.00599453
f3c048 2 0.920313 0.480984 0.159375 0.671141 0.00612532
f3c048 2 0.0226563 0.196868 0.0453125 0.393736 0.00705084
f3c048 2 0.975 0.450783 0.040625 0.709172 0.00757298
f3c048 2 0.940625 0.356823 0.115625 0.713647 0.00816887
f3c048 2 0.958594 0.485459 0.0765625 0.702461 0.0572379
f3c048 2 0.583594 0.569351 0.385938 0.583893 0.862305
f3c049 2 0.621094 0.385906 0.679688 0.771812 0.0010112
f3c049 1 0.270312 0.893736 0.075 0.136465 0.00101872
f3c049 1 0.196094 0.940716 0.192188 0.10962 0.00103149
f3c049 2 0.0304688 0.260626 0.0515625 0.355705 0.00103452
f3c049 2 0.182812 0.0939597 0.328125 0.174497 0.0010371
f3c049 2 0.909375 0.143177 0.175 0.286353 0.00105946
f3c049 1 0.341406 0.895973 0.123438 0.114094 0.00112446
f3c049 2 0.0398437 0.0447427 0.0796875 0.0760626 0.00126528
f3c049 2 0.721094 0.302013 0.492188 0.604027 0.00130017
f3c049 2 0.0375 0.033557 0.075 0.0671141 0.00132214
f3c049 2 0.164844 0.167785 0.329688 0.33557 0.00134432
f3c049 2 0.0242187 0.127517 0.0421875 0.255034 0.00137123
f3c049 2 0.021875 0.0581655 0.040625 0.116331 0.00137534
f3c049 2 0.567969 0.588367 0.326562 0.362416 0.00142584
f3c049 2 0.0359375 0.447427 0.071875 0.836689 0.00148431
f3c049 1 0.323438 0.932886 0.5625 0.129754 0.00151368
f3c049 2 0.223438 0.115213 0.4375 0.221477 0.00152063
f3c049 2 0.278125 0.1566 0.5125 0.313199 0.00157989
f3c049 2 0.382031 0.159955 0.307813 0.319911 0.00159369
f3c049 1 0.267969 0.895973 0.101562 0.105145 0.00162019
f3c049 2 0.0515625 0.0290828 0.103125 0.049217 0.00162922
f3c049 2 0.489844 0.572707 0.435937 0.501119 0.00167729
f3c049 2 0.934375 0.504474 0.13125 0.449664 0.00176869
f3c049 0 0.0484375 0.0436242 0.096875 0.0782998 0.0017764
f3c049 2 0.939062 0.686801 0.121875 0.572707 0.00197195
f3c049 2 0.915625 0.36689 0.165625 0.733781 0.00220139
f3c049 1 0.0960938 0.956376 0.189063 0.0872483 0.0022542
f3c049 2 0.954687 0.360179 0.090625 0.720358 0.00227447
f3c049 2 0.115625 0.0838926 0.23125 0.167785 0.00238287
f3c049 2 0.917969 0.585011 0.157813 0.543624 0.00239563
f3c049 2 0.0453125 0.0604027 0.090625 0.120805 0.00245484
f3c049 2 0.0398437 0.0883669 0.0796875 0.176734 0.00259818
f3c049 2 0.572656 0.238255 0.729688 0.47651 0.00262919
f3c049 2 0.938281 0.400447 0.123438 0.465324 0.00269209
f3c049 2 0.0195312 0.33557 0.0390625 0.581656 0.00270737
f3c049 2 0.0859375 0.0279642 0.171875 0.0559284 0.00278744
f3c049 2 0.0671875 0.0805369 0.134375 0.161074 0.00280918
f3c049 2 0.428906 0.175615 0.695312 0.35123 0.00284177
f3c049 2 0.0210938 0.205817 0.0421875 0.411633 0.00301582
f3c049 2 0.0601562 0.157718 0.120312 0.315436 0.00307603
f3c049 2 0.488281 0.551454 0.354688 0.35123 0.0031184
f3c049 2 0.03125 0.170022 0.0625 0.340045 0.00321427
f3c049 2 0.065625 0.049217 0.13125 0.098434 0.0033455
f3c049 2 0.111719 0.247204 0.223438 0.494407 0.00344158
f3c049 2 0.282031 0.146532 0.314063 0.293065 0.00348513
f3c049 2 0.139844 0.121924 0.279687 0.243848 0.00382525
f3c049 2 0.0648438 0.244966 0.126563 0.489933 0.00414239
f3c049 2 0.09375 0.0425056 0.178125 0.0805369 0.00457814
f3c049 2 0.977344 0.482103 0.0390625 0.888143 0.00458446
f3c049 2 0.0882813 0.121924 0.176563 0.243848 0.00472707
f3c049 1 0.178906 0.938479 0.342187 0.114094 0.00519302
f3c049 2 0.028125 0.274049 0.05625 0.548098 0.00738422
f3c049 2 0.953906 0.512304 0.0921875 0.756152 0.0115597
f3c049 2 0.891406 0.478747 0.214062 0.841163 0.014766
f3c049 2 0.932813 0.461969 0.121875 0.834452 0.12789
f3c049 2 0.5875 0.606264 0.54375 0.46085 0.816712
f41gc8 1 0.29683 0.746296 0.190202 0.133333 0.00101334
f41gc8 1 0.489914 0.807407 0.144092 0.103704 0.00108115
f41gc8 2 0.407781 0.756481 0.198847 0.168519 0.00108616
f41gc8 2 0.0936599 0.747222 0.0893372 0.087037 0.00208162
f41gc8 2 0.497118 0.47963 0.544669 0.585185 0.00240706
f41gc8 2 0.57781 0.488889 0.804035 0.662963 0.811242
f41nhw 2 0.916406 0.0223714 0.167187 0.0447427 0.00100299
f41nhw 0 0.657031 0.0771812 0.207813 0.136465 0.00111284
f41nhw 2 0.489844 0.1566 0.0796875 0.0894855 0.00113721
f41nhw 2 0.935938 0.0436242 0.128125 0.0872483 0.00122159
f41nhw 2 0.696875 0.526846 0.09375 0.17226 0.00166585
f41nhw 2 0.58125 0.588367 0.4875 0.402685 0.00176602
f41nhw 2 0.640625 0.702461 0.33125 0.281879 0.00181952
f41nhw 0 0.7 0.526846 0.203125 0.288591 0.00185155
f41nhw 2 0.2875 0.253915 0.5125 0.50783 0.00189633
f41nhw 0 0.670313 0.0704698 0.1625 0.0872483 0.00236534
f41nhw 2 0.415625 0.41387 0.25 0.720358 0.00251039
f41nhw 2 0.592188 0.223714 0.140625 0.263982 0.00265335
f41nhw 2 0.650781 0.213647 0.198437 0.257271 0.00282123
f41nhw 0 0.702344 0.0693512 0.173438 0.120805 0.00310109
f41nhw 2 0.660937 0.58613 0.290625 0.340045 0.00976977
f41nhw 0 0.742969 0.637584 0.470313 0.478747 0.0120798
f41nhw 2 0.161719 0.439597 0.139062 0.449664 0.0198383
f41nhw 2 0.682031 0.608501 0.379687 0.442953 0.0366083
f41nhw 0 0.692187 0.533557 0.18125 0.185682 0.0387937
f41nhw 2 0.696875 0.532438 0.2 0.237136 0.0600004
f41nhw 2 0.725 0.683445 0.51875 0.373602 0.444166
f41nhw 2 0.419531 0.564877 0.195312 0.342282 0.478717
f41nhw 2 0.15625 0.451902 0.2375 0.501119 0.909526
f4bga1 2 0.214844 0.375839 0.145313 0.438479 0.00115075
f4bga1 2 0.539062 0.463087 0.128125 0.420582 0.00116438
f4bga1 2 0.0273438 0.388143 0.0546875 0.642058 0.00131065
f4bga1 2 0.395312 0.478747 0.340625 0.317673 0.00146341
f4bga1 2 0.0164062 0.373602 0.0328125 0.64877 0.00215533
f4bga1 2 0.820312 0.486577 0.359375 0.319911 0.00401488
f4bga1 2 0.292969 0.47651 0.307813 0.344519 0.00502733
f4bga1 2 0.567187 0.485459 0.35625 0.340045 0.00589239
f4bga1 2 0.2875 0.467562 0.1375 0.442953 0.00603676
f4bga1 2 0.249219 0.410515 0.226562 0.489933 0.00911979
f4bga1 2 0.408594 0.475392 0.417188 0.606264 0.661348
f4bga1 2 0.295312 0.46085 0.3125 0.581656 0.703055
f4bga1 2 0.553125 0.479866 0.3375 0.606264 0.856282
f4bga1 2 0.808594 0.465324 0.360938 0.639821 0.887092
f7tpyx 2 0.521094 0.534676 0.173438 0.49217 0.00100566
f7tpyx 2 0.71875 0.0704698 0.1125 0.0872483 0.0010179
f7tpyx 0 0.0484375 0.0604027 0.096875 0.120805 0.00114522
f7tpyx 2 0.539062 0.0950783 0.1125 0.154362 0.00131502
f7tpyx 2 0.810156 0.46085 0.148438 0.371365 0.00135491
f7tpyx 2 0.751562 0.41387 0.121875 0.277405 0.00146495
f7tpyx 2 0.605469 0.316555 0.0765625 0.0872483 0.00170942
f7tpyx 2 0.683594 0.407159 0.120312 0.295302 0.00172867
f7tpyx 0 0.730469 0.0715884 0.107813 0.0894855 0.00187884
f7tpyx 2 0.579687 0.486577 0.16875 0.35123 0.001971
f7tpyx 2 0.530469 0.0950783 0.0421875 0.131991 0.00203962
f7tpyx 2 0.732031 0.414989 0.0890625 0.190157 0.00205185
f7tpyx 2 0.542188 0.0995526 0.040625 0.14094 0.00215593
f7tpyx 2 0.602344 0.313199 0.0984375 0.0626398 0.00249287
f7tpyx 2 0.603125 0.488814 0.0875 0.404922 0.00287456
f7tpyx 2 0.835156 0.487696 0.217187 0.357942 0.00471991
f7tpyx 2 0.671094 0.455257 0.151562 0.373602 0.00897646
f7tpyx 2 0.8375 0.510067 0.134375 0.420582 0.00937421
f7tpyx 2 0.414062 0.504474 0.125 0.44519 0.0117867
f7tpyx 2 0.616406 0.514541 0.157813 0.42953 0.0237904
f7tpyx 2 0.729688 0.436242 0.078125 0.299776 0.0254622
f7tpyx 2 0.732031 0.506711 0.139062 0.440716 0.0297371
f7tpyx 2 0.695312 0.517897 0.171875 0.47651 0.278515
f7tpyx 2 0.797656 0.513423 0.204688 0.454139 0.719002
f7tpyx 2 0.872656 0.489933 0.185937 0.425056 0.762452
f7tpyx 2 0.657812 0.543624 0.18125 0.465324 0.819929
f7tpyx 2 0.553125 0.493289 0.16875 0.440716 0.847253
f7tpyx 2 0.421094 0.514541 0.307813 0.501119 0.882511
f7tr1k 2 0.0382813 0.0480984 0.0765625 0.0961969 0.0010166
f7tr1k 2 0.632812 0.423937 0.1375 0.38255 0.00103845
f7tr1k 2 0.0367187 0.0268456 0.0734375 0.0536913 0.00105424
f7tr1k 2 0.571094 0.309843 0.167187 0.17226 0.00106577
f7tr1k 2 0.0195312 0.551454 0.0234375 0.225951 0.00109017
f7tr1k 0 0.776563 0.934004 0.15625 0.0782998 0.0011004
f7tr1k 2 0.0453125 0.0234899 0.090625 0.0469799 0.00123743
f7tr1k 2 0.782812 0.427293 0.121875 0.375839 0.00125725
f7tr1k 0 0.015625 0.60179 0.025 0.152125 0.00149071
f7tr1k 2 0.579687 0.342282 0.178125 0.268456 0.00149645
f7tr1k 2 0.252344 0.808725 0.0765625 0.181208 0.00150593
f7tr1k 2 0.303906 0.475392 0.364062 0.574944 0.00154891
f7tr1k 2 0.4 0.48434 0.240625 0.431767 0.00163491
f7tr1k 2 0.711719 0.44519 0.151562 0.447427 0.00196877
f7tr1k 1 0.0195312 0.610738 0.0390625 0.143177 0.00203822
f7tr1k 2 0.0226563 0.489933 0.0296875 0.326622 0.00211
f7tr1k 2 0.0195312 0.588367 0.0296875 0.174497 0.00228084
f7tr1k 2 0.279687 0.473154 0.15625 0.440716 0.00248205
f7tr1k 2 0.809375 0.391499 0.178125 0.402685 0.00258619
f7tr1k 2 0.0210938 0.529083 0.0421875 0.270694 0.00282986
f7tr1k 2 0.550781 0.402685 0.142188 0.340045 0.00326135
f7tr1k 2 0.01875 0.564877 0.0375 0.243848 0.00555762
f7tr1k 2 0.549219 0.348993 0.0921875 0.255034 0.00643976
f7tr1k 2 0.457031 0.501119 0.139062 0.438479 0.00674813
f7tr1k 2 0.464063 0.510067 0.3125 0.353468 0.0101176
f7tr1k 2 0.240625 0.470917 0.1375 0.458613 0.0144338
f7tr1k 2 0.663281 0.455257 0.148438 0.472036 0.0241032
f7tr1k 2 0.5 0.46868 0.240625 0.521253 0.0242822
f7tr1k 2 0.59375 0.438479 0.171875 0.46085 0.599067
f7tr1k 2 0.849219 0.422819 0.217187 0.420582 0.792273
f7tr1k 2 0.248437 0.477629 0.265625 0.480984 0.857644
f7tr1k 2 0.760156 0.384787 0.164062 0.407159 0.865851
f7tr1k 2 0.445312 0.504474 0.315625 0.543624 0.872326
f7tr1k 2 0.675781 0.461969 0.245312 0.480984 0.883721
