28006992-photo-1600329654155-9a798a51c5ce 2 0.04 0.562361 0.08 0.844098 0.00100027
28006992-photo-1600329654155-9a798a51c5ce 0 0.636667 0.2049 0.0833333 0.0534521 0.00138615
28006992-photo-1600329654155-9a798a51c5ce 0 0.649167 0.199332 0.145 0.064588 0.00147807
28006992-photo-1600329654155-9a798a51c5ce 0 0.13 0.971047 0.26 0.0579065 0.00162703
28006992-photo-1600329654155-9a798a51c5ce 0 0.835 0.246102 0.216667 0.109131 0.00169454
28006992-photo-1600329654155-9a798a51c5ce 0 0.765 0.238307 0.366667 0.151448 0.00195966
28006992-photo-1600329654155-9a798a51c5ce 0 0.631667 0.200445 0.136667 0.0445434 0.00197808
28006992-photo-1600329654155-9a798a51c5ce 0 0.641667 0.183742 0.14 0.077951 0.00237292
28006992-photo-1600329654155-9a798a51c5ce 0 0.6425 0.190423 0.115 0.0512249 0.0175053
28006992-photo-1600329654155-9a798a51c5ce 0 0.4775 0.436526 0.668333 0.685969 0.821949
29058544-photo-1595672234107-dbc792655abf 1 0.3175 0.0757946 0.108333 0.0880196 0.00104575
29058544-photo-1595672234107-dbc792655abf 1 0.225833 0.0794621 0.125 0.158924 0.00105577
29058544-photo-1595672234107-dbc792655abf 1 0.178333 0.0782396 0.106667 0.0929095 0.00161877
29058544-photo-1595672234107-dbc792655abf 1 0.515833 0.473105 0.278333 0.545232 0.00175508
29058544-photo-1595672234107-dbc792655abf 1 0.2725 0.0757946 0.105 0.0977995 0.00403613
29058544-photo-1595672234107-dbc792655abf 1 0.225 0.0770171 0.106667 0.100244 0.00419065
29058544-photo-1595672234107-dbc792655abf 1 0.41 0.457213 0.523333 0.498778 0.00728894
29058544-photo-1595672234107-dbc792655abf 1 0.345 0.452323 0.333333 0.400978 0.634542
29058544-photo-1595672234107-dbc792655abf 1 0.616667 0.44132 0.496667 0.584352 0.777473
308074031-480px 1 0.492708 0.488889 0.31875 0.816667 0.00326813
308074031-480px 1 0.4375 0.484722 0.695833 0.936111 0.0035046
308074031-480px 1 0.605208 0.488889 0.60625 0.838889 0.736837
41018371-photo-1534627760265-69713192ade4 0 0.166667 0.945 0.306667 0.105 0.00103433
41018371-photo-1534627760265-69713192ade4 2 0.0291667 0.50625 0.0583333 0.4975 0.00107231
41018371-photo-1534627760265-69713192ade4 0 0.945 0.73 0.09 0.085 0.00111117
41018371-photo-1534627760265-69713192ade4 2 0.0358333 0.6725 0.0683333 0.655 0.00116523
41018371-photo-1534627760265-69713192ade4 2 0.980833 0.45875 0.0383333 0.1625 0.00116819
41018371-photo-1534627760265-69713192ade4 1 0.950833 0.95 0.0983333 0.095 0.00132636
41018371-photo-1534627760265-69713192ade4 2 0.9575 0.36 0.0783333 0.24 0.00137232
41018371-photo-1534627760265-69713192ade4 2 0.965 0.435 0.07 0.445 0.00152717
41018371-photo-1534627760265-69713192ade4 2 0.0475 0.60875 0.095 0.7475 0.0015643
41018371-photo-1534627760265-69713192ade4 2 0.990833 0.5275 0.0183333 0.22 0.00157797
41018371-photo-1534627760265-69713192ade4 2 0.9825 0.545 0.035 0.23 0.00179959
41018371-photo-1534627760265-69713192ade4 2 0.99 0.47875 0.02 0.1475 0.0018491
41018371-photo-1534627760265-69713192ade4 0 0.624167 0.475 0.225 0.46 0.00203304
41018371-photo-1534627760265-69713192ade4 2 0.9825 0.495 0.035 0.185 0.00239464
41018371-photo-1534627760265-69713192ade4 2 0.985 0.48125 0.0233333 0.3125 0.00244738
41018371-photo-1534627760265-69713192ade4 2 0.0208333 0.51375 0.0383333 0.7125 0.00409414
41018371-photo-1534627760265-69713192ade4 2 0.0308333 0.51125 0.0583333 0.7675 0.00518742
41018371-photo-1534627760265-69713192ade4 0 0.681667 0.505 0.163333 0.355 0.00906427
41018371-photo-1534627760265-69713192ade4 0 0.523333 0.49625 0.576667 0.4125 0.0297307
41018371-photo-1534627760265-69713192ade4 0 0.673333 0.4825 0.243333 0.405 0.76785
41018371-photo-1534627760265-69713192ade4 0 0.4275 0.52125 0.371667 0.4475 0.82339
51931452-photo-1604761628391-e125981dcb3d 1 0.485833 0.029522 0.641667 0.049672 0.00108573
51931452-photo-1604761628391-e125981dcb3d 1 0.3775 0.503749 0.755 0.415183 0.00155779
51931452-photo-1604761628391-e125981dcb3d 1 0.375 0.66776 0.653333 0.42268 0.0262477
51931452-photo-1604761628391-e125981dcb3d 1 0.379167 0.637769 0.755 0.638238 0.616358
76912066-photo-1586276632510-a680c3db9a10 0 0.0608333 0.6075 0.121667 0.305 0.00100999
76912066-photo-1586276632510-a680c3db9a10 0 0.0191667 0.50375 0.035 0.4075 0.00109093
76912066-photo-1586276632510-a680c3db9a10 0 0.0158333 0.4325 0.0316667 0.28 0.00119036
76912066-photo-1586276632510-a680c3db9a10 0 0.0216667 0.24125 0.0366667 0.4175 0.00122861
76912066-photo-1586276632510-a680c3db9a10 0 0.0375 0.6125 0.075 0.26 0.00144641
76912066-photo-1586276632510-a680c3db9a10 0 0.0325 0.24375 0.065 0.4375 0.00182855
76912066-photo-1586276632510-a680c3db9a10 0 0.53 0.405 0.133333 0.125 0.00189061
76912066-photo-1586276632510-a680c3db9a10 0 0.659167 0.475 0.201667 0.155 0.00312636
76912066-photo-1586276632510-a680c3db9a10 0 0.565 0.405 0.183333 0.14 0.00439564
76912066-photo-1586276632510-a680c3db9a10 0 0.629167 0.48875 0.305 0.1275 0.00740772
76912066-photo-1586276632510-a680c3db9a10 0 0.5675 0.44375 0.195 0.1925 0.0100467
76912066-photo-1586276632510-a680c3db9a10 0 0.6175 0.4525 0.151667 0.2 0.0499456
76912066-photo-1586276632510-a680c3db9a10 0 0.625 0.44625 0.3 0.2125 0.887716
a0dcfb43-photo-1549216580-cdaa97339899 1 0.0208333 0.978889 0.0416667 0.0422222 0.00118706
a0dcfb43-photo-1549216580-cdaa97339899 2 0.295833 0.0744444 0.231667 0.0977778 0.00120343
a0dcfb43-photo-1549216580-cdaa97339899 1 0.485833 0.968889 0.831667 0.0555556 0.00122877
a0dcfb43-photo-1549216580-cdaa97339899 1 0.4175 0.24 0.388333 0.257778 0.0012797
a0dcfb43-photo-1549216580-cdaa97339899 2 0.514167 0.132778 0.508333 0.265556 0.00130039
a0dcfb43-photo-1549216580-cdaa97339899 1 0.0741667 0.973889 0.148333 0.0522222 0.00136735
a0dcfb43-photo-1549216580-cdaa97339899 1 0.0933333 0.962778 0.186667 0.0744444 0.00152255
a0dcfb43-photo-1549216580-cdaa97339899 1 0.703333 0.441111 0.0533333 0.0511111 0.00167622
a0dcfb43-photo-1549216580-cdaa97339899 1 0.535 0.565556 0.306667 0.197778 0.00182514
a0dcfb43-photo-1549216580-cdaa97339899 1 0.731667 0.608333 0.486667 0.314444 0.00183846
a0dcfb43-photo-1549216580-cdaa97339899 2 0.345 0.0861111 0.233333 0.147778 0.0018616
a0dcfb43-photo-1549216580-cdaa97339899 2 0.4775 0.0816667 0.231667 0.143333 0.00199601
a0dcfb43-photo-1549216580-cdaa97339899 2 0.41 0.246111 0.246667 0.172222 0.00220438
a0dcfb43-photo-1549216580-cdaa97339899 2 0.24 0.0894444 0.36 0.178889 0.0032788
a0dcfb43-photo-1549216580-cdaa97339899 2 0.495 0.0866667 0.426667 0.155556 0.00488411
a0dcfb43-photo-1549216580-cdaa97339899 2 0.325833 0.0877778 0.358333 0.162222 0.0106515
a0dcfb43-photo-1549216580-cdaa97339899 1 0.549167 0.557778 0.255 0.0955556 0.0108128
a0dcfb43-photo-1549216580-cdaa97339899 2 0.41 0.0788889 0.233333 0.133333 0.0108725
a0dcfb43-photo-1549216580-cdaa97339899 1 0.535 0.564444 0.373333 0.355556 0.0183893
a0dcfb43-photo-1549216580-cdaa97339899 2 0.406667 0.0844444 0.346667 0.168889 0.0447272
a0dcfb43-photo-1549216580-cdaa97339899 1 0.645 0.573889 0.653333 0.405556 0.844576
a15ec123-image_9 1 0.676364 0.920765 0.0654545 0.0710383 0.00133433
a15ec123-image_9 1 0.836364 0.833333 0.0581818 0.0491803 0.00192106
a15ec123-image_9 1 0.836364 0.844262 0.08 0.0273224 0.00280628
a15ec123-image_9 1 0.834545 0.844262 0.0618182 0.0491803 0.00362942
a15ec123-image_9 0 0.354545 0.54918 0.52 0.693989 0.802217
a1f6b1c9-photo-1531512423823-672893a2b91d 0 0.03 0.393216 0.06 0.766332 0.00100052
a1f6b1c9-photo-1531512423823-672893a2b91d 1 0.855 0.0301508 0.29 0.0603015 0.00101386
a1f6b1c9-photo-1531512423823-672893a2b91d 0 0.520833 0.668342 0.318333 0.19598 0.00102482
a1f6b1c9-photo-1531512423823-672893a2b91d 0 0.0916667 0.0226131 0.183333 0.0452261 0.0010434
a1f6b1c9-photo-1531512423823-672893a2b91d 1 0.874167 0.0213568 0.251667 0.0427136 0.00105068
a1f6b1c9-photo-1531512423823-672893a2b91d 0 0.990833 0.698492 0.015 0.251256 0.00106
a1f6b1c9-photo-1531512423823-672893a2b91d 0 0.985833 0.701005 0.0283333 0.241206 0.00118992
a1f6b1c9-photo-1531512423823-672893a2b91d 0 0.980833 0.850502 0.0383333 0.243719 0.00126784
a1f6b1c9-photo-1531512423823-672893a2b91d 0 0.964167 0.776382 0.0716667 0.261307 0.00137364
a1f6b1c9-photo-1531512423823-672893a2b91d 0 0.981667 0.591709 0.0366667 0.48995 0.0014723
a1f6b1c9-photo-1531512423823-672893a2b91d 2 0.0183333 0.393216 0.0366667 0.746231 0.0015585
a1f6b1c9-photo-1531512423823-672893a2b91d 0 0.7 0.614322 0.313333 0.369347 0.00160889
a1f6b1c9-photo-1531512423823-672893a2b91d 0 0.97 0.584171 0.05 0.550251 0.00171536
a1f6b1c9-photo-1531512423823-672893a2b91d 0 0.615833 0.615578 0.335 0.462312 0.00192525
a1f6b1c9-photo-1531512423823-672893a2b91d 0 0.968333 0.771357 0.06 0.437186 0.00229364
a1f6b1c9-photo-1531512423823-672893a2b91d 1 0.825833 0.0979899 0.065 0.0703518 0.00252555
a1f6b1c9-photo-1531512423823-672893a2b91d 0 0.976667 0.657035 0.0433333 0.459799 0.00283133
a1f6b1c9-photo-1531512423823-672893a2b91d 0 0.979167 0.780151 0.0416667 0.429648 0.00325628
a1f6b1c9-photo-1531512423823-672893a2b91d 0 0.4875 0.682161 0.191667 0.198492 0.00502129
a1f6b1c9-photo-1531512423823-672893a2b91d 0 0.984167 0.697236 0.0316667 0.535176 0.00767376
a1f6b1c9-photo-1531512423823-672893a2b91d 0 0.61 0.615578 0.46 0.346734 0.779458
a2723d1e-image_20 1 0.823643 0.0512821 0.143411 0.0923077 0.00101975
a2723d1e-image_20 1 0.957364 0.253846 0.0852713 0.384615 0.00127819
a2723d1e-image_20 1 0.0387597 0.402564 0.0775194 0.784615 0.00130662
a2723d1e-image_20 1 0.870155 0.0512821 0.112403 0.0820513 0.00135433
a2723d1e-image_20 1 0.930233 0.0538462 0.116279 0.0871795 0.00135699
a2723d1e-image_20 1 0.96124 0.0487179 0.0775194 0.0769231 0.00211791
a2723d1e-image_20 0 0.406977 0.476923 0.813953 0.666667 0.0108799
a2723d1e-image_20 0 0.426357 0.582051 0.705426 0.497436 0.668199
a408e8ce-photo-1551254539-1e77a07f02ff 1 0.744167 0.956522 0.145 0.0869565 0.00104068
a408e8ce-photo-1551254539-1e77a07f02ff 1 0.1375 0.390026 0.275 0.657289 0.00118882
a408e8ce-photo-1551254539-1e77a07f02ff 1 0.0916667 0.925831 0.176667 0.148338 0.00172535
a408e8ce-photo-1551254539-1e77a07f02ff 2 0.0991667 0.368286 0.198333 0.567775 0.00221836
a408e8ce-photo-1551254539-1e77a07f02ff 2 0.1575 0.404092 0.315 0.542199 0.0070104
a408e8ce-photo-1551254539-1e77a07f02ff 1 0.631667 0.471867 0.413333 0.519182 0.900269
aaadab5a-photo-1550686379-ab264a08f029 0 0.98 0.0525 0.0333333 0.105 0.00100945
aaadab5a-photo-1550686379-ab264a08f029 0 0.468333 0.6525 0.33 0.275 0.00103911
aaadab5a-photo-1550686379-ab264a08f029 1 0.0316667 0.8775 0.0633333 0.2 0.00104362
aaadab5a-photo-1550686379-ab264a08f029 1 0.265 0.0425 0.0733333 0.08 0.00104691
aaadab5a-photo-1550686379-ab264a08f029 0 0.961667 0.04875 0.0766667 0.0975 0.00109123
aaadab5a-photo-1550686379-ab264a08f029 0 0.423333 0.5875 0.3 0.59 0.00110173
aaadab5a-photo-1550686379-ab264a08f029 1 0.0291667 0.32125 0.0483333 0.6075 0.00110736
aaadab5a-photo-1550686379-ab264a08f029 1 0.0125 0.6725 0.0216667 0.23 0.00112414
aaadab5a-photo-1550686379-ab264a08f029 0 0.970833 0.0225 0.0583333 0.045 0.00114769
aaadab5a-photo-1550686379-ab264a08f029 1 0.965833 0.075 0.0616667 0.15 0.00121796
aaadab5a-photo-1550686379-ab264a08f029 1 0.680833 0.03625 0.085 0.0725 0.00125197
aaadab5a-photo-1550686379-ab264a08f029 1 0.0266667 0.02 0.0533333 0.04 0.00130971
aaadab5a-photo-1550686379-ab264a08f029 1 0.0191667 0.84125 0.0383333 0.2075 0.00139643
aaadab5a-photo-1550686379-ab264a08f029 1 0.0566667 0.22 0.113333 0.39 0.00142669
aaadab5a-photo-1550686379-ab264a08f029 1 0.0316667 0.77 0.0633333 0.45 0.00150127
aaadab5a-photo-1550686379-ab264a08f029 1 0.979167 0.07 0.0383333 0.14 0.00151624
aaadab5a-photo-1550686379-ab264a08f029 1 0.02 0.65 0.0366667 0.19 0.00152723
aaadab5a-photo-1550686379-ab264a08f029 0 0.976667 0.04125 0.0466667 0.0825 0.00157217
aaadab5a-photo-1550686379-ab264a08f029 1 0.0225 0.40125 0.035 0.5875 0.00157655
aaadab5a-photo-1550686379-ab264a08f029 1 0.02 0.45 0.04 0.235 0.00160964
aaadab5a-photo-1550686379-ab264a08f029 1 0.78 0.02125 0.0666667 0.0425 0.00164021
aaadab5a-photo-1550686379-ab264a08f029 1 0.025 0.21875 0.0433333 0.4375 0.00170302
aaadab5a-photo-1550686379-ab264a08f029 1 0.8025 0.01375 0.148333 0.0275 0.00178335
aaadab5a-photo-1550686379-ab264a08f029 1 0.0158333 0.52875 0.0316667 0.2525 0.00191036
aaadab5a-photo-1550686379-ab264a08f029 0 0.12 0.46625 0.24 0.9325 0.00197242
aaadab5a-photo-1550686379-ab264a08f029 1 0.7025 0.2325 0.125 0.1 0.00197597
aaadab5a-photo-1550686379-ab264a08f029 1 0.0416667 0.1325 0.0833333 0.235 0.00198697
aaadab5a-photo-1550686379-ab264a08f029 1 0.7 0.04125 0.136667 0.0825 0.00204632
aaadab5a-photo-1550686379-ab264a08f029 1 0.793333 0.15 0.113333 0.105 0.00205165
aaadab5a-photo-1550686379-ab264a08f029 1 0.0275 0.59875 0.055 0.2175 0.00210749
aaadab5a-photo-1550686379-ab264a08f029 1 0.0225 0.71 0.0383333 0.335 0.00265036
aaadab5a-photo-1550686379-ab264a08f029 1 0.0341667 0.3825 0.0683333 0.66 0.0030752
aaadab5a-photo-1550686379-ab264a08f029 1 0.0175 0.635 0.035 0.335 0.00323609
aaadab5a-photo-1550686379-ab264a08f029 1 0.0158333 0.6 0.0316667 0.2 0.00324376
aaadab5a-photo-1550686379-ab264a08f029 1 0.0783333 0.39875 0.153333 0.7975 0.00329831
aaadab5a-photo-1550686379-ab264a08f029 1 0.0375 0.21875 0.075 0.4375 0.00363353
aaadab5a-photo-1550686379-ab264a08f029 1 0.265 0.0375 0.14 0.075 0.0036887
aaadab5a-photo-1550686379-ab264a08f029 1 0.03 0.6125 0.06 0.535 0.00372317
aaadab5a-photo-1550686379-ab264a08f029 1 0.0183333 0.52 0.0366667 0.42 0.00383526
aaadab5a-photo-1550686379-ab264a08f029 1 0.0241667 0.69 0.0483333 0.26 0.00390937
aaadab5a-photo-1550686379-ab264a08f029 1 0.241667 0.49125 0.42 0.4475 0.00397945
aaadab5a-photo-1550686379-ab264a08f029 1 0.690833 0.0275 0.0983333 0.05 0.004042
aaadab5a-photo-1550686379-ab264a08f029 0 0.381667 0.58375 0.576667 0.5625 0.00446264
aaadab5a-photo-1550686379-ab264a08f029 1 0.113333 0.32 0.226667 0.64 0.00451561
aaadab5a-photo-1550686379-ab264a08f029 1 0.781667 0.0175 0.0933333 0.035 0.00454642
aaadab5a-photo-1550686379-ab264a08f029 1 0.0216667 0.7375 0.0333333 0.49 0.00480045
aaadab5a-photo-1550686379-ab264a08f029 1 0.0241667 0.52625 0.0483333 0.2625 0.00628771
aaadab5a-photo-1550686379-ab264a08f029 0 0.355833 0.525 0.401667 0.475 0.00672359
aaadab5a-photo-1550686379-ab264a08f029 1 0.0225 0.6375 0.045 0.2 0.0083245
aaadab5a-photo-1550686379-ab264a08f029 1 0.688333 0.03125 0.136667 0.0625 0.00894701
aaadab5a-photo-1550686379-ab264a08f029 1 0.0191667 0.62125 0.0283333 0.5475 0.0118164
aaadab5a-photo-1550686379-ab264a08f029 0 0.246667 0.4875 0.373333 0.485 0.0149786
aaadab5a-photo-1550686379-ab264a08f029 1 0.121667 0.17125 0.16 0.2775 0.0227033
aaadab5a-photo-1550686379-ab264a08f029 0 0.486667 0.60875 0.37 0.4275 0.573213
aaadab5a-photo-1550686379-ab264a08f029 1 0.115833 0.16375 0.231667 0.3225 0.710638
aaadab5a-photo-1550686379-ab264a08f029 0 0.319167 0.4875 0.231667 0.425 0.719547
ac031c0c-photo-1588198154890-00e74bc72f20 1 0.0183333 0.66875 0.0333333 0.3475 0.00100127
ac031c0c-photo-1588198154890-00e74bc72f20 1 0.0191667 0.71 0.0383333 0.225 0.00100793
ac031c0c-photo-1588198154890-00e74bc72f20 1 0.0925 0.59 0.181667 0.46 0.0010217
ac031c0c-photo-1588198154890-00e74bc72f20 1 0.155 0.0975 0.26 0.195 0.001024
ac031c0c-photo-1588198154890-00e74bc72f20 1 0.0591667 0.59125 0.111667 0.3425 0.00104188
ac031c0c-photo-1588198154890-00e74bc72f20 1 0.0308333 0.3225 0.0516667 0.555 0.00105227
ac031c0c-photo-1588198154890-00e74bc72f20 1 0.0166667 0.4325 0.0333333 0.225 0.00106593
ac031c0c-photo-1588198154890-00e74bc72f20 1 0.360833 0.13375 0.141667 0.1575 0.00107292
ac031c0c-photo-1588198154890-00e74bc72f20 1 0.47 0.6525 0.466667 0.295 0.00107346
ac031c0c-photo-1588198154890-00e74bc72f20 1 0.0308333 0.20625 0.0616667 0.2225 0.00107453
ac031c0c-photo-1588198154890-00e74bc72f20 1 0.645833 0.505 0.298333 0.29 0.00108293
ac031c0c-photo-1588198154890-00e74bc72f20 1 0.0783333 0.12625 0.13 0.1675 0.00108617
ac031c0c-photo-1588198154890-00e74bc72f20 1 0.971667 0.4225 0.0566667 0.225 0.00109425
ac031c0c-photo-1588198154890-00e74bc72f20 1 0.985 0.11 0.03 0.22 0.00110216
ac031c0c-photo-1588198154890-00e74bc72f20 1 0.295 0.09 0.226667 0.18 0.00110639
ac031c0c-photo-1588198154890-00e74bc72f20 1 0.0175 0.4075 0.035 0.48 0.00112317
ac031c0c-photo-1588198154890-00e74bc72f20 1 0.0458333 0.7425 0.085 0.32 0.00113172
ac031c0c-photo-1588198154890-00e74bc72f20 1 0.4175 0.635 0.271667 0.21 0.00114058
ac031c0c-photo-1588198154890-00e74bc72f20 1 0.1525 0.65875 0.305 0.3725 0.00115068
ac031c0c-photo-1588198154890-00e74bc72f20 1 0.164167 0.15375 0.328333 0.3075 0.00115852
ac031c0c-photo-1588198154890-00e74bc72f20 1 0.878333 0.5525 0.243333 0.315 0.00116791
ac031c0c-photo-1588198154890-00e74bc72f20 1 0.205833 0.05125 0.255 0.1025 0.00116801
ac031c0c-photo-1588198154890-00e74bc72f20 1 0.0225 0.18125 0.045 0.2175 0.00120317
ac031c0c-photo-1588198154890-00e74bc72f20 1 0.278333 0.2975 0.143333 0.14 0.00126404
ac031c0c-photo-1588198154890-00e74bc72f20 1 0.104167 0.03 0.178333 0.06 0.00127049
ac031c0c-photo-1588198154890-00e74bc72f20 1 0.0183333 0.65625 0.0366667 0.2225 0.00130032
ac031c0c-photo-1588198154890-00e74bc72f20 1 0.265 0.05125 0.27 0.0975 0.00131621
ac031c0c-photo-1588198154890-00e74bc72f20 1 0.426667 0.08125 0.0733333 0.0975 0.00134047
ac031c0c-photo-1588198154890-00e74bc72f20 1 0.4125 0.0675 0.145 0.075 0.00134337
ac031c0c-photo-1588198154890-00e74bc72f20 1 0.430833 0.155 0.0916667 0.155 0.00134651
ac031c0c-photo-1588198154890-00e74bc72f20 1 0.655833 0.51 0.0916667 0.175 0.00136495
ac031c0c-photo-1588198154890-00e74bc72f20 1 0.0183333 0.32625 0.0266667 0.5675 0.00137048
ac031c0c-photo-1588198154890-00e74bc72f20 1 0.9775 0.15375 0.045 0.2175 0.00137673
ac031c0c-photo-1588198154890-00e74bc72f20 1 0.0216667 0.59125 0.0366667 0.4575 0.001383
ac031c0c-photo-1588198154890-00e74bc72f20 1 0.0808333 0.39875 0.138333 0.5575 0.0013837
ac031c0c-photo-1588198154890-00e74bc72f20 1 0.0741667 0.485 0.145 0.35 0.00144135
ac031c0c-photo-1588198154890-00e74bc72f20 1 0.5675 0.365 0.095 0.17 0.00144963
ac031c0c-photo-1588198154890-00e74bc72f20 1 0.215 0.07 0.393333 0.14 0.00149563
ac031c0c-photo-1588198154890-00e74bc72f20 1 0.395 0.10375 0.09 0.1475 0.00149762
ac031c0c-photo-1588198154890-00e74bc72f20 1 0.08 0.6875 0.0966667 0.235 0.00151103
ac031c0c-photo-1588198154890-00e74bc72f20 1 0.0441667 0.4825 0.0816667 0.32 0.00153683
ac031c0c-photo-1588198154890-00e74bc72f20 1 0.2275 0.33 0.141667 0.15 0.00153685
ac031c0c-photo-1588198154890-00e74bc72f20 1 0.184167 0.2975 0.115 0.125 0.00154358
ac031c0c-photo-1588198154890-00e74bc72f20 1 0.415 0.2125 0.2 0.305 0.00154362
ac031c0c-photo-1588198154890-00e74bc72f20 1 0.0183333 0.21375 0.0233333 0.4275 0.00154547
ac031c0c-photo-1588198154890-00e74bc72f20 1 0.973333 0.205 0.0533333 0.21 0.00157964
ac031c0c-photo-1588198154890-00e74bc72f20 1 0.395833 0.17 0.135 0.125 0.00159383
ac031c0c-photo-1588198154890-00e74bc72f20 1 0.899167 0.2 0.201667 0.36 0.00162254
ac031c0c-photo-1588198154890-00e74bc72f20 1 0.243333 0.3075 0.26 0.265 0.00165033
ac031c0c-photo-1588198154890-00e74bc72f20 1 0.418333 0.18625 0.163333 0.1675 0.00165097
ac031c0c-photo-1588198154890-00e74bc72f20 1 0.986667 0.1775 0.0266667 0.355 0.00166245
ac031c0c-photo-1588198154890-00e74bc72f20 1 0.296667 0.1075 0.156667 0.18 0.00167137
ac031c0c-photo-1588198154890-00e74bc72f20 1 0.983333 0.19875 0.03 0.3975 0.00169232
ac031c0c-photo-1588198154890-00e74bc72f20 1 0.0225 0.4875 0.045 0.265 0.00175259
ac031c0c-photo-1588198154890-00e74bc72f20 1 0.985833 0.02 0.0283333 0.04 0.00177807
ac031c0c-photo-1588198154890-00e74bc72f20 1 0.165 0.025 0.116667 0.045 0.00181257
ac031c0c-photo-1588198154890-00e74bc72f20 1 0.975 0.355 0.0433333 0.195 0.00183787
ac031c0c-photo-1588198154890-00e74bc72f20 1 0.035 0.50625 0.07 0.2675 0.00185114
ac031c0c-photo-1588198154890-00e74bc72f20 1 0.915833 0.25375 0.095 0.2325 0.00193876
ac031c0c-photo-1588198154890-00e74bc72f20 1 0.959167 0.56625 0.0683333 0.1725 0.00194548
ac031c0c-photo-1588198154890-00e74bc72f20 1 0.414167 0.24125 0.488333 0.4825 0.00195522
ac031c0c-photo-1588198154890-00e74bc72f20 1 0.0275 0.0975 0.055 0.195 0.00200033
ac031c0c-photo-1588198154890-00e74bc72f20 1 0.0275 0.21625 0.0483333 0.3475 0.00203499
ac031c0c-photo-1588198154890-00e74bc72f20 1 0.666667 0.23375 0.0866667 0.1475 0.00204326
ac031c0c-photo-1588198154890-00e74bc72f20 1 0.974167 0.2825 0.0516667 0.245 0.00205498
ac031c0c-photo-1588198154890-00e74bc72f20 1 0.4275 0.0925 0.108333 0.135 0.00205844
ac031c0c-photo-1588198154890-00e74bc72f20 1 0.476667 0.64375 0.41 0.1725 0.00207224
ac031c0c-photo-1588198154890-00e74bc72f20 1 0.791667 0.215 0.213333 0.275 0.0021024
ac031c0c-photo-1588198154890-00e74bc72f20 1 0.0658333 0.02375 0.131667 0.0475 0.00216615
ac031c0c-photo-1588198154890-00e74bc72f20 1 0.651667 0.205 0.273333 0.195 0.00216645
ac031c0c-photo-1588198154890-00e74bc72f20 1 0.0925 0.1625 0.115 0.165 0.00218047
ac031c0c-photo-1588198154890-00e74bc72f20 1 0.228333 0.30875 0.0933333 0.1625 0.00218416
ac031c0c-photo-1588198154890-00e74bc72f20 1 0.44 0.1325 0.116667 0.14 0.00220218
ac031c0c-photo-1588198154890-00e74bc72f20 1 0.1175 0.16375 0.095 0.1875 0.00225681
ac031c0c-photo-1588198154890-00e74bc72f20 1 0.966667 0.19 0.0633333 0.365 0.00226151
ac031c0c-photo-1588198154890-00e74bc72f20 1 0.971667 0.35875 0.0566667 0.3375 0.00229688
ac031c0c-photo-1588198154890-00e74bc72f20 1 0.665 0.215 0.136667 0.11 0.00232705
ac031c0c-photo-1588198154890-00e74bc72f20 1 0.0208333 0.0675 0.0416667 0.135 0.00235706
ac031c0c-photo-1588198154890-00e74bc72f20 1 0.0133333 0.05125 0.0266667 0.1025 0.00241567
ac031c0c-photo-1588198154890-00e74bc72f20 1 0.625833 0.22625 0.0916667 0.1725 0.00244794
ac031c0c-photo-1588198154890-00e74bc72f20 1 0.238333 0.27875 0.16 0.1575 0.00245765
ac031c0c-photo-1588198154890-00e74bc72f20 1 0.328333 0.06875 0.253333 0.1175 0.00246644
ac031c0c-photo-1588198154890-00e74bc72f20 1 0.1425 0.11125 0.285 0.2225 0.00253424
ac031c0c-photo-1588198154890-00e74bc72f20 1 0.19 0.05875 0.15 0.1175 0.0026594
ac031c0c-photo-1588198154890-00e74bc72f20 1 0.0166667 0.14625 0.0333333 0.1675 0.0026722
ac031c0c-photo-1588198154890-00e74bc72f20 1 0.150833 0.55875 0.301667 0.4725 0.00272101
ac031c0c-photo-1588198154890-00e74bc72f20 1 0.0658333 0.73625 0.095 0.2375 0.0027476
ac031c0c-photo-1588198154890-00e74bc72f20 1 0.348333 0.0975 0.0766667 0.14 0.00298316
ac031c0c-photo-1588198154890-00e74bc72f20 1 0.340833 0.105 0.125 0.155 0.00300343
ac031c0c-photo-1588198154890-00e74bc72f20 1 0.663333 0.44625 0.25 0.3475 0.00305325
ac031c0c-photo-1588198154890-00e74bc72f20 1 0.0216667 0.14 0.0433333 0.215 0.00307545
ac031c0c-photo-1588198154890-00e74bc72f20 1 0.0408333 0.40625 0.065 0.5825 0.00308356
ac031c0c-photo-1588198154890-00e74bc72f20 1 0.0191667 0.5175 0.0283333 0.56 0.00310396
ac031c0c-photo-1588198154890-00e74bc72f20 1 0.0541667 0.06375 0.0983333 0.1275 0.00337362
ac031c0c-photo-1588198154890-00e74bc72f20 1 0.144167 0.02875 0.155 0.0575 0.00347706
ac031c0c-photo-1588198154890-00e74bc72f20 1 0.136667 0.60375 0.153333 0.2175 0.00349281
ac031c0c-photo-1588198154890-00e74bc72f20 1 0.190833 0.0325 0.155 0.065 0.00362917
ac031c0c-photo-1588198154890-00e74bc72f20 1 0.411667 0.15625 0.293333 0.2075 0.00369898
ac031c0c-photo-1588198154890-00e74bc72f20 1 0.0166667 0.17625 0.0266667 0.2775 0.00392138
ac031c0c-photo-1588198154890-00e74bc72f20 1 0.933333 0.21125 0.133333 0.3425 0.00400356
ac031c0c-photo-1588198154890-00e74bc72f20 1 0.0416667 0.5925 0.08 0.435 0.0043833
ac031c0c-photo-1588198154890-00e74bc72f20 1 0.9875 0.34125 0.0216667 0.1925 0.00458754
ac031c0c-photo-1588198154890-00e74bc72f20 0 0.644167 0.89 0.171667 0.12 0.00506103
ac031c0c-photo-1588198154890-00e74bc72f20 1 0.605 0.225 0.28 0.14 0.00509173
ac031c0c-photo-1588198154890-00e74bc72f20 1 0.910833 0.24625 0.165 0.2475 0.00510208
ac031c0c-photo-1588198154890-00e74bc72f20 1 0.015 0.11875 0.0233333 0.2375 0.00540927
ac031c0c-photo-1588198154890-00e74bc72f20 1 0.103333 0.47875 0.206667 0.4975 0.00550803
ac031c0c-photo-1588198154890-00e74bc72f20 1 0.0258333 0.01875 0.0516667 0.0375 0.00588518
ac031c0c-photo-1588198154890-00e74bc72f20 1 0.114167 0.14 0.215 0.25 0.00594549
ac031c0c-photo-1588198154890-00e74bc72f20 1 0.359167 0.2275 0.228333 0.255 0.00606453
ac031c0c-photo-1588198154890-00e74bc72f20 1 0.388333 0.08625 0.143333 0.0875 0.00680393
ac031c0c-photo-1588198154890-00e74bc72f20 1 0.0558333 0.47875 0.101667 0.4725 0.00697696
ac031c0c-photo-1588198154890-00e74bc72f20 1 0.411667 0.14625 0.16 0.1325 0.00727234
ac031c0c-photo-1588198154890-00e74bc72f20 1 0.16 0.04375 0.0866667 0.0875 0.0076905
ac031c0c-photo-1588198154890-00e74bc72f20 1 0.838333 0.285 0.3 0.45 0.00785314
ac031c0c-photo-1588198154890-00e74bc72f20 1 0.4175 0.08125 0.108333 0.0775 0.00847473
ac031c0c-photo-1588198154890-00e74bc72f20 1 0.1825 0.045 0.085 0.09 0.00855677
ac031c0c-photo-1588198154890-00e74bc72f20 1 0.09 0.04875 0.173333 0.0975 0.00864923
ac031c0c-photo-1588198154890-00e74bc72f20 1 0.155833 0.05375 0.131667 0.1075 0.00904748
ac031c0c-photo-1588198154890-00e74bc72f20 1 0.279167 0.26625 0.288333 0.2575 0.0091322
ac031c0c-photo-1588198154890-00e74bc72f20 1 0.0216667 0.08125 0.0366667 0.1625 0.0097436
ac031c0c-photo-1588198154890-00e74bc72f20 0 0.66 0.87 0.0966667 0.105 0.00989162
ac031c0c-photo-1588198154890-00e74bc72f20 1 0.0158333 0.1 0.0316667 0.19 0.010439
ac031c0c-photo-1588198154890-00e74bc72f20 1 0.03 0.03875 0.0566667 0.0775 0.0110403
ac031c0c-photo-1588198154890-00e74bc72f20 1 0.164167 0.04125 0.128333 0.0775 0.0117405
ac031c0c-photo-1588198154890-00e74bc72f20 1 0.656667 0.50125 0.173333 0.1675 0.0124002
ac031c0c-photo-1588198154890-00e74bc72f20 1 0.974167 0.25875 0.0516667 0.4175 0.013986
ac031c0c-photo-1588198154890-00e74bc72f20 1 0.0366667 0.06125 0.0733333 0.1225 0.0153385
ac031c0c-photo-1588198154890-00e74bc72f20 1 0.205833 0.295 0.121667 0.155 0.0163548
ac031c0c-photo-1588198154890-00e74bc72f20 1 0.979167 0.41 0.0416667 0.14 0.0167681
ac031c0c-photo-1588198154890-00e74bc72f20 1 0.0216667 0.03375 0.0433333 0.0675 0.0167748
ac031c0c-photo-1588198154890-00e74bc72f20 1 0.0458333 0.0225 0.0916667 0.045 0.0203078
ac031c0c-photo-1588198154890-00e74bc72f20 1 0.329167 0.22375 0.331667 0.3325 0.0210333
ac031c0c-photo-1588198154890-00e74bc72f20 1 0.128333 0.0625 0.236667 0.125 0.0217424
ac031c0c-photo-1588198154890-00e74bc72f20 1 0.983333 0.25375 0.0333333 0.4525 0.0235376
ac031c0c-photo-1588198154890-00e74bc72f20 1 0.644167 0.2325 0.0916667 0.145 0.0238046
ac031c0c-photo-1588198154890-00e74bc72f20 1 0.391667 0.11 0.18 0.14 0.026264
ac031c0c-photo-1588198154890-00e74bc72f20 1 0.981667 0.4075 0.03 0.195 0.0263818
ac031c0c-photo-1588198154890-00e74bc72f20 1 0.065 0.045 0.11 0.09 0.0325305
ac031c0c-photo-1588198154890-00e74bc72f20 1 0.8625 0.215 0.271667 0.29 0.0354652
ac031c0c-photo-1588198154890-00e74bc72f20 0 0.663333 0.88625 0.236667 0.2075 0.0356176
ac031c0c-photo-1588198154890-00e74bc72f20 1 0.2475 0.3 0.215 0.17 0.0360373
ac031c0c-photo-1588198154890-00e74bc72f20 1 0.975833 0.34 0.0483333 0.235 0.03705
ac031c0c-photo-1588198154890-00e74bc72f20 1 0.1625 0.04 0.198333 0.08 0.0521587
ac031c0c-photo-1588198154890-00e74bc72f20 1 0.1125 0.665 0.225 0.29 0.0609939
ac031c0c-photo-1588198154890-00e74bc72f20 1 0.354167 0.10625 0.268333 0.1575 0.0654989
ac031c0c-photo-1588198154890-00e74bc72f20 1 0.335 0.125 0.28 0.24 0.0832633
ac031c0c-photo-1588198154890-00e74bc72f20 1 0.9825 0.33875 0.035 0.3475 0.084875
ac031c0c-photo-1588198154890-00e74bc72f20 1 0.560833 0.3725 0.191667 0.18 0.0991379
ac031c0c-photo-1588198154890-00e74bc72f20 1 0.650833 0.46 0.198333 0.25 0.102729
ac031c0c-photo-1588198154890-00e74bc72f20 1 0.144167 0.60625 0.268333 0.2725 0.107073
ac031c0c-photo-1588198154890-00e74bc72f20 1 0.0791667 0.70375 0.151667 0.2825 0.120376
ac031c0c-photo-1588198154890-00e74bc72f20 1 0.985 0.35875 0.03 0.2175 0.131575
ac031c0c-photo-1588198154890-00e74bc72f20 1 0.0425 0.04 0.0783333 0.08 0.138045
ac031c0c-photo-1588198154890-00e74bc72f20 1 0.045 0.03 0.09 0.06 0.210626
ac031c0c-photo-1588198154890-00e74bc72f20 1 0.630833 0.22375 0.171667 0.1325 0.695468
ac031c0c-photo-1588198154890-00e74bc72f20 0 0.660833 0.8675 0.168333 0.115 0.783788
ada1648b-photo-1595067312884-49c3d38245c4 0 0.361667 0.2925 0.343333 0.385 0.00102521
ada1648b-photo-1595067312884-49c3d38245c4 0 0.99 0.065 0.0166667 0.13 0.00114345
ada1648b-photo-1595067312884-49c3d38245c4 0 0.388333 0.49625 0.556667 0.3825 0.00115817
ada1648b-photo-1595067312884-49c3d38245c4 0 0.885 0.08375 0.23 0.1675 0.00123785
ada1648b-photo-1595067312884-49c3d38245c4 0 0.421667 0.51375 0.71 0.5025 0.00136488
ada1648b-photo-1595067312884-49c3d38245c4 0 0.9825 0.50375 0.035 0.5725 0.00138397
ada1648b-photo-1595067312884-49c3d38245c4 0 0.98 0.90625 0.0333333 0.1875 0.00147481
ada1648b-photo-1595067312884-49c3d38245c4 0 0.116667 0.30125 0.193333 0.2025 0.00148326
ada1648b-photo-1595067312884-49c3d38245c4 0 0.9825 0.05125 0.0316667 0.1025 0.00165875
ada1648b-photo-1595067312884-49c3d38245c4 0 0.9575 0.38125 0.085 0.3475 0.00168236
ada1648b-photo-1595067312884-49c3d38245c4 0 0.140833 0.95625 0.151667 0.0875 0.00170638
ada1648b-photo-1595067312884-49c3d38245c4 0 0.941667 0.23 0.116667 0.46 0.0017258
ada1648b-photo-1595067312884-49c3d38245c4 0 0.291667 0.62875 0.34 0.2475 0.00191193
ada1648b-photo-1595067312884-49c3d38245c4 0 0.964167 0.22125 0.0683333 0.4425 0.00203731
ada1648b-photo-1595067312884-49c3d38245c4 0 0.971667 0.39375 0.05 0.4175 0.00220662
ada1648b-photo-1595067312884-49c3d38245c4 0 0.965 0.0225 0.07 0.045 0.0024136
ada1648b-photo-1595067312884-49c3d38245c4 0 0.9375 0.0775 0.125 0.155 0.00241945
ada1648b-photo-1595067312884-49c3d38245c4 0 0.979167 0.25375 0.0416667 0.4375 0.00251008
ada1648b-photo-1595067312884-49c3d38245c4 0 0.9825 0.02625 0.035 0.0525 0.00251851
ada1648b-photo-1595067312884-49c3d38245c4 0 0.529167 0.55375 0.608333 0.3925 0.0027633
ada1648b-photo-1595067312884-49c3d38245c4 0 0.966667 0.31625 0.0633333 0.5025 0.00286056
ada1648b-photo-1595067312884-49c3d38245c4 0 0.980833 0.355 0.0383333 0.535 0.00307364
ada1648b-photo-1595067312884-49c3d38245c4 0 0.973333 0.155 0.0533333 0.31 0.00335152
ada1648b-photo-1595067312884-49c3d38245c4 0 0.989167 0.095 0.015 0.19 0.00339197
ada1648b-photo-1595067312884-49c3d38245c4 0 0.515833 0.59 0.861667 0.415 0.00350693
ada1648b-photo-1595067312884-49c3d38245c4 0 0.775 0.4325 0.343333 0.385 0.00374913
ada1648b-photo-1595067312884-49c3d38245c4 0 0.985 0.05875 0.03 0.1175 0.00418861
ada1648b-photo-1595067312884-49c3d38245c4 0 0.964167 0.085 0.0716667 0.17 0.00424722
ada1648b-photo-1595067312884-49c3d38245c4 0 0.981667 0.20875 0.0366667 0.4175 0.00506119
ada1648b-photo-1595067312884-49c3d38245c4 0 0.985 0.08875 0.02 0.1775 0.00636915
ada1648b-photo-1595067312884-49c3d38245c4 0 0.974167 0.05625 0.0516667 0.1125 0.00685349
ada1648b-photo-1595067312884-49c3d38245c4 0 0.584167 0.4725 0.785 0.46 0.0107461
ada1648b-photo-1595067312884-49c3d38245c4 0 0.1925 0.28125 0.341667 0.3125 0.0114417
ada1648b-photo-1595067312884-49c3d38245c4 0 0.980833 0.0875 0.0383333 0.175 0.013525
ada1648b-photo-1595067312884-49c3d38245c4 0 0.9725 0.07875 0.0483333 0.1575 0.0144137
ada1648b-photo-1595067312884-49c3d38245c4 0 0.686667 0.4325 0.506667 0.33 0.157616
ada1648b-photo-1595067312884-49c3d38245c4 0 0.39 0.58875 0.57 0.3575 0.646481
ada1648b-photo-1595067312884-49c3d38245c4 0 0.301667 0.2925 0.573333 0.33 0.833706
ada315c6-photo-1558206356-8cd5d80de0de 0 0.015 0.2825 0.0233333 0.495 0.00100916
ada315c6-photo-1558206356-8cd5d80de0de 0 0.669167 0.56875 0.158333 0.3475 0.00101456
ada315c6-photo-1558206356-8cd5d80de0de 1 0.9875 0.785 0.0216667 0.2 0.00102469
ada315c6-photo-1558206356-8cd5d80de0de 1 0.77 0.35875 0.0766667 0.0525 0.00103142
ada315c6-photo-1558206356-8cd5d80de0de 1 0.8825 0.17 0.055 0.075 0.00107019
ada315c6-photo-1558206356-8cd5d80de0de 1 0.9475 0.3325 0.0716667 0.065 0.00109319
ada315c6-photo-1558206356-8cd5d80de0de 0 0.815 0.60875 0.0866667 0.2025 0.00110526
ada315c6-photo-1558206356-8cd5d80de0de 2 0.593333 0.555 0.193333 0.365 0.00111814
ada315c6-photo-1558206356-8cd5d80de0de 0 0.0116667 0.1875 0.00666667 0.165 0.00117309
ada315c6-photo-1558206356-8cd5d80de0de 1 0.836667 0.335 0.1 0.035 0.00122549
ada315c6-photo-1558206356-8cd5d80de0de 0 0.0108333 0.13125 0.0183333 0.2175 0.00125844
ada315c6-photo-1558206356-8cd5d80de0de 1 0.936667 0.29375 0.07 0.0675 0.0012762
ada315c6-photo-1558206356-8cd5d80de0de 1 0.1175 0.97375 0.045 0.0525 0.00129179
ada315c6-photo-1558206356-8cd5d80de0de 1 0.0116667 0.22625 0.0233333 0.2325 0.00136686
ada315c6-photo-1558206356-8cd5d80de0de 1 0.766667 0.37625 0.06 0.0525 0.0014146
ada315c6-photo-1558206356-8cd5d80de0de 1 0.744167 0.6675 0.0883333 0.255 0.00154221
ada315c6-photo-1558206356-8cd5d80de0de 1 0.949167 0.32625 0.0816667 0.0375 0.00156014
ada315c6-photo-1558206356-8cd5d80de0de 0 0.0108333 0.1525 0.0116667 0.16 0.0015967
ada315c6-photo-1558206356-8cd5d80de0de 1 0.0233333 0.0825 0.0466667 0.165 0.00163078
ada315c6-photo-1558206356-8cd5d80de0de 1 0.805 0.6 0.106667 0.2 0.00176434
ada315c6-photo-1558206356-8cd5d80de0de 1 0.0158333 0.06125 0.0316667 0.1225 0.00179625
ada315c6-photo-1558206356-8cd5d80de0de 0 0.739167 0.56125 0.165 0.3975 0.00182503
ada315c6-photo-1558206356-8cd5d80de0de 0 0.0125 0.18875 0.0216667 0.1775 0.00183976
ada315c6-photo-1558206356-8cd5d80de0de 1 0.0133333 0.215 0.0266667 0.32 0.0019363
ada315c6-photo-1558206356-8cd5d80de0de 0 0.0141667 0.1525 0.0283333 0.14 0.00200016
ada315c6-photo-1558206356-8cd5d80de0de 1 0.9475 0.32125 0.0616667 0.0575 0.00228637
ada315c6-photo-1558206356-8cd5d80de0de 0 0.614167 0.55875 0.241667 0.3775 0.00230527
ada315c6-photo-1558206356-8cd5d80de0de 1 0.0116667 0.09125 0.01 0.1825 0.00240589
ada315c6-photo-1558206356-8cd5d80de0de 1 0.844167 0.29 0.065 0.065 0.00243218
ada315c6-photo-1558206356-8cd5d80de0de 1 0.835833 0.325 0.0983333 0.055 0.00256957
ada315c6-photo-1558206356-8cd5d80de0de 0 0.853333 0.3075 0.0733333 0.085 0.00274506
ada315c6-photo-1558206356-8cd5d80de0de 1 0.77 0.3775 0.08 0.04 0.00436576
ada315c6-photo-1558206356-8cd5d80de0de 1 0.846667 0.30875 0.0766667 0.0675 0.0062511
ada315c6-photo-1558206356-8cd5d80de0de 1 0.015 0.11875 0.03 0.2375 0.00694984
ada315c6-photo-1558206356-8cd5d80de0de 0 0.0133333 0.13875 0.0266667 0.2775 0.00897547
ada315c6-photo-1558206356-8cd5d80de0de 0 0.256667 0.26875 0.396667 0.5325 0.0792516
ada315c6-photo-1558206356-8cd5d80de0de 0 0.738333 0.55125 0.26 0.3475 0.0838431
ada315c6-photo-1558206356-8cd5d80de0de 0 0.680833 0.57625 0.368333 0.4075 0.677363
ada4894a-photo-1581538300037-7b2677ffee60 0 0.0266667 0.1125 0.0533333 0.175 0.00102561
ada4894a-photo-1581538300037-7b2677ffee60 0 0.02 0.11625 0.0266667 0.1725 0.00116304
ada4894a-photo-1581538300037-7b2677ffee60 0 0.958333 0.52125 0.0833333 0.9025 0.00140429
ada4894a-photo-1581538300037-7b2677ffee60 0 0.936667 0.46375 0.116667 0.8675 0.00264081
ada4894a-photo-1581538300037-7b2677ffee60 0 0.389167 0.49875 0.665 0.3075 0.616871
af0d294c-photo-1527539617617-76852f5d570b 1 0.66 0.0272222 0.143333 0.0455556 0.00100709
af0d294c-photo-1527539617617-76852f5d570b 1 0.134167 0.981111 0.128333 0.0377778 0.00102971
af0d294c-photo-1527539617617-76852f5d570b 1 0.4025 0.963333 0.511667 0.0711111 0.0010376
af0d294c-photo-1527539617617-76852f5d570b 1 0.413333 0.94 0.466667 0.113333 0.00106212
af0d294c-photo-1527539617617-76852f5d570b 1 0.941667 0.781667 0.116667 0.436667 0.0010631
af0d294c-photo-1527539617617-76852f5d570b 2 0.533333 0.5 0.803333 1 0.0010818
af0d294c-photo-1527539617617-76852f5d570b 1 0.5225 0.916111 0.425 0.154444 0.00108282
af0d294c-photo-1527539617617-76852f5d570b 2 0.8 0.5 0.4 1 0.00112242
af0d294c-photo-1527539617617-76852f5d570b 1 0.885833 0.679444 0.208333 0.127778 0.00112678
af0d294c-photo-1527539617617-76852f5d570b 1 0.258333 0.968333 0.226667 0.0633333 0.00113223
af0d294c-photo-1527539617617-76852f5d570b 1 0.413333 0.095 0.0833333 0.0744444 0.00118206
af0d294c-photo-1527539617617-76852f5d570b 2 0.121667 0.722778 0.243333 0.554444 0.00119212
af0d294c-photo-1527539617617-76852f5d570b 1 0.174167 0.986667 0.208333 0.0222222 0.00127554
af0d294c-photo-1527539617617-76852f5d570b 1 0.205833 0.977222 0.128333 0.0455556 0.00128071
af0d294c-photo-1527539617617-76852f5d570b 1 0.844167 0.834444 0.311667 0.328889 0.00138293
af0d294c-photo-1527539617617-76852f5d570b 1 0.134167 0.973889 0.268333 0.0522222 0.00139007
af0d294c-photo-1527539617617-76852f5d570b 1 0.366667 0.987222 0.19 0.0166667 0.00146483
af0d294c-photo-1527539617617-76852f5d570b 1 0.34 0.981667 0.213333 0.0322222 0.00148363
af0d294c-photo-1527539617617-76852f5d570b 1 0.429167 0.105 0.075 0.0766667 0.00153266
af0d294c-photo-1527539617617-76852f5d570b 1 0.170833 0.965556 0.205 0.0688889 0.00158408
af0d294c-photo-1527539617617-76852f5d570b 1 0.259167 0.975556 0.231667 0.0377778 0.00160438
af0d294c-photo-1527539617617-76852f5d570b 1 0.544167 0.947778 0.588333 0.102222 0.00178287
af0d294c-photo-1527539617617-76852f5d570b 1 0.394167 0.976667 0.228333 0.0444444 0.00197476
af0d294c-photo-1527539617617-76852f5d570b 2 0.178333 0.697222 0.356667 0.605556 0.00203496
af0d294c-photo-1527539617617-76852f5d570b 1 0.820833 0.691667 0.355 0.412222 0.00209333
af0d294c-photo-1527539617617-76852f5d570b 1 0.180833 0.982222 0.285 0.0333333 0.00226203
af0d294c-photo-1527539617617-76852f5d570b 1 0.204167 0.975 0.191667 0.05 0.00230274
af0d294c-photo-1527539617617-76852f5d570b 1 0.693333 0.916111 0.58 0.152222 0.00239534
af0d294c-photo-1527539617617-76852f5d570b 1 0.795833 0.863889 0.408333 0.25 0.00261079
af0d294c-photo-1527539617617-76852f5d570b 1 0.884167 0.783333 0.221667 0.386667 0.00302579
af0d294c-photo-1527539617617-76852f5d570b 1 0.255 0.966111 0.376667 0.0677778 0.00304651
af0d294c-photo-1527539617617-76852f5d570b 1 0.3675 0.982778 0.105 0.0344444 0.0036418
af0d294c-photo-1527539617617-76852f5d570b 2 0.849167 0.537222 0.301667 0.925556 0.00422689
af0d294c-photo-1527539617617-76852f5d570b 1 0.751667 0.692222 0.496667 0.56 0.00455792
af0d294c-photo-1527539617617-76852f5d570b 1 0.258333 0.977222 0.323333 0.0455556 0.00493749
af0d294c-photo-1527539617617-76852f5d570b 1 0.4025 0.109444 0.138333 0.0811111 0.00517077
af0d294c-photo-1527539617617-76852f5d570b 1 0.378333 0.98 0.16 0.04 0.00544146
af0d294c-photo-1527539617617-76852f5d570b 1 0.550833 0.829444 0.885 0.341111 0.0059627
af0d294c-photo-1527539617617-76852f5d570b 1 0.173333 0.982778 0.123333 0.0344444 0.00641648
af0d294c-photo-1527539617617-76852f5d570b 2 0.774167 0.588889 0.451667 0.822222 0.00957646
af0d294c-photo-1527539617617-76852f5d570b 1 0.1725 0.978333 0.178333 0.0388889 0.0120399
af0d294c-photo-1527539617617-76852f5d570b 1 0.443333 0.0905556 0.223333 0.112222 0.0192989
af0d294c-photo-1527539617617-76852f5d570b 1 0.700833 0.787778 0.598333 0.422222 0.08467
af0d294c-photo-1527539617617-76852f5d570b 1 0.428333 0.1 0.143333 0.0911111 0.758665
b141c104-image_16 0 0.606178 0.67268 0.787645 0.427835 0.00119607
b141c104-image_16 0 0.370656 0.587629 0.563707 0.752577 0.0017406
b141c104-image_16 0 0.216216 0.561856 0.416988 0.701031 0.00247325
b141c104-image_16 0 0.366795 0.57732 0.339768 0.701031 0.0260783
b141c104-image_16 0 0.581081 0.561856 0.80695 0.680412 0.372391
b1d70248-photo-1579444798661-ce60beaa0413 0 0.546667 0.038 0.75 0.0653333 0.00111929
b1d70248-photo-1579444798661-ce60beaa0413 0 0.518333 0.824667 0.963333 0.350667 0.00185699
b1d70248-photo-1579444798661-ce60beaa0413 1 0.425833 0.928 0.851667 0.144 0.00192757
b1d70248-photo-1579444798661-ce60beaa0413 1 0.209167 0.938 0.418333 0.118667 0.00251976
b1d70248-photo-1579444798661-ce60beaa0413 0 0.474167 0.943333 0.745 0.113333 0.0026548
b1d70248-photo-1579444798661-ce60beaa0413 0 0.4825 0.876 0.965 0.226667 0.00451287
b1d70248-photo-1579444798661-ce60beaa0413 0 0.479167 0.922667 0.958333 0.154667 0.00721666
b1d70248-photo-1579444798661-ce60beaa0413 0 0.505 0.433333 0.74 0.485333 0.741976
b2f8ee01-photo-1604082668185-e8a2d4f6cc99 1 0.0375 0.977778 0.075 0.0444444 0.0010442
b2f8ee01-photo-1604082668185-e8a2d4f6cc99 1 0.451667 0.0244444 0.0633333 0.0488889 0.00104559
b2f8ee01-photo-1604082668185-e8a2d4f6cc99 1 0.451667 0.0627778 0.383333 0.125556 0.00119783
b2f8ee01-photo-1604082668185-e8a2d4f6cc99 1 0.45 0.175556 0.0433333 0.0688889 0.00126291
b2f8ee01-photo-1604082668185-e8a2d4f6cc99 1 0.448333 0.175556 0.08 0.0666667 0.00141729
b2f8ee01-photo-1604082668185-e8a2d4f6cc99 1 0.375833 0.0222222 0.235 0.0355556 0.00154605
b2f8ee01-photo-1604082668185-e8a2d4f6cc99 1 0.450833 0.572778 0.188333 0.241111 0.00177632
b2f8ee01-photo-1604082668185-e8a2d4f6cc99 1 0.278333 0.108889 0.0533333 0.0422222 0.00191261
b2f8ee01-photo-1604082668185-e8a2d4f6cc99 1 0.435 0.0311111 0.153333 0.0622222 0.00204685
b2f8ee01-photo-1604082668185-e8a2d4f6cc99 1 0.405 0.0238889 0.293333 0.0477778 0.00223919
b2f8ee01-photo-1604082668185-e8a2d4f6cc99 1 0.345833 0.0272222 0.361667 0.05 0.00234632
b2f8ee01-photo-1604082668185-e8a2d4f6cc99 1 0.280833 0.108333 0.101667 0.0411111 0.00260978
b2f8ee01-photo-1604082668185-e8a2d4f6cc99 1 0.460833 0.0233333 0.151667 0.0466667 0.00334398
b2f8ee01-photo-1604082668185-e8a2d4f6cc99 1 0.505 0.0722222 0.136667 0.128889 0.00348701
b2f8ee01-photo-1604082668185-e8a2d4f6cc99 1 0.42 0.0188889 0.21 0.0377778 0.00550319
b2f8ee01-photo-1604082668185-e8a2d4f6cc99 1 0.493333 0.0666667 0.233333 0.108889 0.00743667
b2f8ee01-photo-1604082668185-e8a2d4f6cc99 1 0.438333 0.02 0.126667 0.04 0.0499205
b2f8ee01-photo-1604082668185-e8a2d4f6cc99 1 0.518333 0.561111 0.33 0.273333 0.907996
b60f9c21-photo-1586276633990-fb6092e2de01 0 0.115 0.175 0.193333 0.18 0.00101893
b60f9c21-photo-1586276633990-fb6092e2de01 0 0.894167 0.07 0.205 0.14 0.00104404
b60f9c21-photo-1586276633990-fb6092e2de01 0 0.986667 0.6425 0.0266667 0.185 0.00105373
b60f9c21-photo-1586276633990-fb6092e2de01 0 0.9775 0.97125 0.045 0.0575 0.00105414
b60f9c21-photo-1586276633990-fb6092e2de01 0 0.121667 0.21625 0.22 0.1175 0.00108374
b60f9c21-photo-1586276633990-fb6092e2de01 0 0.94 0.97125 0.12 0.0575 0.00108533
b60f9c21-photo-1586276633990-fb6092e2de01 0 0.8875 0.68125 0.225 0.6375 0.0011116
b60f9c21-photo-1586276633990-fb6092e2de01 0 0.451667 0.98625 0.0966667 0.0275 0.00117209
b60f9c21-photo-1586276633990-fb6092e2de01 0 0.931667 0.88375 0.116667 0.2325 0.00118507
b60f9c21-photo-1586276633990-fb6092e2de01 0 0.985833 0.8475 0.025 0.25 0.00120956
b60f9c21-photo-1586276633990-fb6092e2de01 0 0.0141667 0.67625 0.0216667 0.2125 0.00125074
b60f9c21-photo-1586276633990-fb6092e2de01 0 0.111667 0.45875 0.223333 0.8425 0.00127258
b60f9c21-photo-1586276633990-fb6092e2de01 0 0.0716667 0.4575 0.143333 0.775 0.00130692
b60f9c21-photo-1586276633990-fb6092e2de01 0 0.785833 0.95375 0.428333 0.0925 0.00134314
b60f9c21-photo-1586276633990-fb6092e2de01 0 0.8775 0.9675 0.245 0.065 0.00134745
b60f9c21-photo-1586276633990-fb6092e2de01 0 0.931667 0.1425 0.136667 0.285 0.00140472
b60f9c21-photo-1586276633990-fb6092e2de01 0 0.0158333 0.63375 0.0316667 0.4075 0.00143621
b60f9c21-photo-1586276633990-fb6092e2de01 0 0.9775 0.48 0.045 0.44 0.00153945
b60f9c21-photo-1586276633990-fb6092e2de01 0 0.978333 0.64125 0.0433333 0.1825 0.00154997
b60f9c21-photo-1586276633990-fb6092e2de01 0 0.976667 0.59375 0.0433333 0.3425 0.00173369
b60f9c21-photo-1586276633990-fb6092e2de01 0 0.963333 0.3925 0.0733333 0.605 0.0017551
b60f9c21-photo-1586276633990-fb6092e2de01 0 0.980833 0.885 0.0383333 0.2 0.00176614
b60f9c21-photo-1586276633990-fb6092e2de01 0 0.955833 0.88125 0.0883333 0.1975 0.00180982
b60f9c21-photo-1586276633990-fb6092e2de01 0 0.979167 0.43125 0.0416667 0.7325 0.0018528
b60f9c21-photo-1586276633990-fb6092e2de01 0 0.930833 0.81375 0.131667 0.3725 0.00187909
b60f9c21-photo-1586276633990-fb6092e2de01 0 0.978333 0.66875 0.0433333 0.4275 0.00188002
b60f9c21-photo-1586276633990-fb6092e2de01 0 0.945833 0.31875 0.108333 0.5575 0.00191397
b60f9c21-photo-1586276633990-fb6092e2de01 0 0.853333 0.92875 0.293333 0.1425 0.00203475
b60f9c21-photo-1586276633990-fb6092e2de01 0 0.8625 0.94875 0.151667 0.1025 0.00225745
b60f9c21-photo-1586276633990-fb6092e2de01 0 0.974167 0.9425 0.0516667 0.115 0.00236893
b60f9c21-photo-1586276633990-fb6092e2de01 0 0.9475 0.67625 0.0916667 0.6475 0.00248225
b60f9c21-photo-1586276633990-fb6092e2de01 0 0.978333 0.90875 0.0433333 0.1825 0.00252631
b60f9c21-photo-1586276633990-fb6092e2de01 0 0.976667 0.81625 0.0433333 0.3675 0.00264366
b60f9c21-photo-1586276633990-fb6092e2de01 0 0.965833 0.535 0.0683333 0.655 0.00266103
b60f9c21-photo-1586276633990-fb6092e2de01 0 0.66 0.94625 0.293333 0.1075 0.0030455
b60f9c21-photo-1586276633990-fb6092e2de01 0 0.944167 0.46625 0.101667 0.6775 0.00311319
b60f9c21-photo-1586276633990-fb6092e2de01 0 0.891667 0.81 0.213333 0.38 0.00339463
b60f9c21-photo-1586276633990-fb6092e2de01 0 0.965 0.91375 0.07 0.1725 0.00353569
b60f9c21-photo-1586276633990-fb6092e2de01 0 0.956667 0.61125 0.0866667 0.4825 0.00388026
b60f9c21-photo-1586276633990-fb6092e2de01 0 0.969167 0.5775 0.0583333 0.445 0.00459195
b60f9c21-photo-1586276633990-fb6092e2de01 0 0.951667 0.95125 0.0966667 0.0975 0.00507537
b60f9c21-photo-1586276633990-fb6092e2de01 0 0.980833 0.58 0.0383333 0.535 0.00507837
b60f9c21-photo-1586276633990-fb6092e2de01 0 0.969167 0.87125 0.0583333 0.2575 0.0062081
b60f9c21-photo-1586276633990-fb6092e2de01 0 0.979167 0.86 0.0416667 0.28 0.00681789
b60f9c21-photo-1586276633990-fb6092e2de01 0 0.980833 0.74125 0.0383333 0.5175 0.00970946
b60f9c21-photo-1586276633990-fb6092e2de01 0 0.97 0.7675 0.0566667 0.465 0.0113535
b60f9c21-photo-1586276633990-fb6092e2de01 0 0.904167 0.9225 0.191667 0.155 0.0126598
b60f9c21-photo-1586276633990-fb6092e2de01 0 0.908333 0.95375 0.183333 0.0925 0.0139817
b60f9c21-photo-1586276633990-fb6092e2de01 0 0.859167 0.8925 0.281667 0.215 0.0200594
b60f9c21-photo-1586276633990-fb6092e2de01 0 0.481667 0.45625 0.16 0.3825 0.0408827
b60f9c21-photo-1586276633990-fb6092e2de01 0 0.855 0.9425 0.29 0.115 0.0566977
b60f9c21-photo-1586276633990-fb6092e2de01 0 0.48 0.46125 0.19 0.6225 0.805367
b8266ef5-photo-1560190929-c3a0e7db1d7d 1 0.7175 0.978889 0.0716667 0.0422222 0.00113999
b8266ef5-photo-1560190929-c3a0e7db1d7d 1 0.3575 0.934444 0.0716667 0.131111 0.00121468
b8266ef5-photo-1560190929-c3a0e7db1d7d 1 0.7175 0.973333 0.115 0.0444444 0.00134959
b8266ef5-photo-1560190929-c3a0e7db1d7d 1 0.355 0.93 0.12 0.14 0.00135808
b8266ef5-photo-1560190929-c3a0e7db1d7d 1 0.903333 0.778889 0.193333 0.442222 0.00136567
b8266ef5-photo-1560190929-c3a0e7db1d7d 1 0.37 0.537778 0.176667 0.533333 0.00140705
b8266ef5-photo-1560190929-c3a0e7db1d7d 0 0.858333 0.811111 0.283333 0.377778 0.00161455
b8266ef5-photo-1560190929-c3a0e7db1d7d 1 0.561667 0.905556 0.05 0.14 0.00179301
b8266ef5-photo-1560190929-c3a0e7db1d7d 1 0.49 0.483333 0.213333 0.54 0.00207096
b8266ef5-photo-1560190929-c3a0e7db1d7d 2 0.883333 0.781111 0.233333 0.437778 0.00218612
b8266ef5-photo-1560190929-c3a0e7db1d7d 1 0.506667 0.927778 0.106667 0.131111 0.0022122
b8266ef5-photo-1560190929-c3a0e7db1d7d 1 0.838333 0.812222 0.32 0.375556 0.00300195
b8266ef5-photo-1560190929-c3a0e7db1d7d 1 0.496667 0.883333 0.13 0.233333 0.00324583
b8266ef5-photo-1560190929-c3a0e7db1d7d 1 0.504167 0.903333 0.0816667 0.113333 0.00370944
b8266ef5-photo-1560190929-c3a0e7db1d7d 1 0.4075 0.478889 0.161667 0.433333 0.00413996
b8266ef5-photo-1560190929-c3a0e7db1d7d 1 0.500833 0.905556 0.085 0.188889 0.00491526
b8266ef5-photo-1560190929-c3a0e7db1d7d 1 0.498333 0.89 0.0433333 0.108889 0.00531647
b8266ef5-photo-1560190929-c3a0e7db1d7d 1 0.465 0.496667 0.423333 0.611111 0.0056502
b8266ef5-photo-1560190929-c3a0e7db1d7d 1 0.875 0.187778 0.23 0.375556 0.0102266
b8266ef5-photo-1560190929-c3a0e7db1d7d 1 0.498333 0.907778 0.06 0.153333 0.0168995
b8266ef5-photo-1560190929-c3a0e7db1d7d 1 0.405 0.481111 0.25 0.322222 0.0186803
b8266ef5-photo-1560190929-c3a0e7db1d7d 1 0.5425 0.521111 0.191667 0.335556 0.041428
b8266ef5-photo-1560190929-c3a0e7db1d7d 1 0.4 0.476667 0.266667 0.571111 0.89051
b8266ef5-photo-1560190929-c3a0e7db1d7d 1 0.541667 0.51 0.233333 0.517778 0.90853
b86ddbbb-photo-1581074429373-ccb7e514d54b 0 0.493333 0.810777 0.986667 0.378446 0.00416691
b86ddbbb-photo-1581074429373-ccb7e514d54b 0 0.4675 0.700501 0.935 0.58396 0.007043
b86ddbbb-photo-1581074429373-ccb7e514d54b 0 0.235 0.689223 0.47 0.621554 0.830547
baa24d78-photo-1583860247580-e492d2b9186d 2 0.826667 0.549356 0.346667 0.802575 0.00115765
baa24d78-photo-1583860247580-e492d2b9186d 2 0.139167 0.360515 0.278333 0.72103 0.00143624
baa24d78-photo-1583860247580-e492d2b9186d 2 0.951667 0.511803 0.0966667 0.791846 0.00193666
baa24d78-photo-1583860247580-e492d2b9186d 2 0.89 0.541846 0.206667 0.821888 0.00220423
baa24d78-photo-1583860247580-e492d2b9186d 1 0.629167 0.546137 0.341667 0.736051 0.00367311
baa24d78-photo-1583860247580-e492d2b9186d 2 0.928333 0.5397 0.12 0.856223 0.00367827
baa24d78-photo-1583860247580-e492d2b9186d 1 0.4375 0.506438 0.721667 0.665236 0.703796
bad90450-photo-1562224347-aabe787839a6 1 0.269167 0.1525 0.325 0.305 0.00105814
bad90450-photo-1562224347-aabe787839a6 1 0.961667 0.06375 0.0766667 0.1075 0.00120339
bad90450-photo-1562224347-aabe787839a6 1 0.8625 0.62 0.268333 0.76 0.00183739
bad90450-photo-1562224347-aabe787839a6 1 0.699167 0.5525 0.205 0.725 0.00204414
bad90450-photo-1562224347-aabe787839a6 1 0.504167 0.54625 0.595 0.6725 0.840563
bcdbde3e-photo-1549479047-7af9b52e5bc2 1 0.693333 0.445 0.473333 0.5 0.00100876
bcdbde3e-photo-1549479047-7af9b52e5bc2 1 0.983333 0.66125 0.03 0.4575 0.00100958
bcdbde3e-photo-1549479047-7af9b52e5bc2 1 0.984167 0.4125 0.0316667 0.195 0.00103751
bcdbde3e-photo-1549479047-7af9b52e5bc2 1 0.19 0.22375 0.0966667 0.2275 0.00105769
bcdbde3e-photo-1549479047-7af9b52e5bc2 1 0.0266667 0.15125 0.0533333 0.3025 0.00109071
bcdbde3e-photo-1549479047-7af9b52e5bc2 1 0.458333 0.63625 0.16 0.2375 0.00109674
bcdbde3e-photo-1549479047-7af9b52e5bc2 1 0.964167 0.47375 0.0716667 0.2375 0.0011349
bcdbde3e-photo-1549479047-7af9b52e5bc2 1 0.9825 0.26625 0.035 0.2175 0.0011782
bcdbde3e-photo-1549479047-7af9b52e5bc2 1 0.01 0.26 0.0166667 0.185 0.00118564
bcdbde3e-photo-1549479047-7af9b52e5bc2 1 0.0175 0.185 0.035 0.22 0.00126383
bcdbde3e-photo-1549479047-7af9b52e5bc2 1 0.9875 0.35625 0.025 0.1875 0.00126912
bcdbde3e-photo-1549479047-7af9b52e5bc2 1 0.569167 0.295 0.135 0.145 0.00130128
bcdbde3e-photo-1549479047-7af9b52e5bc2 1 0.0966667 0.355 0.193333 0.14 0.00142013
bcdbde3e-photo-1549479047-7af9b52e5bc2 1 0.975833 0.03875 0.0483333 0.0775 0.00142711
bcdbde3e-photo-1549479047-7af9b52e5bc2 1 0.975 0.37375 0.05 0.2125 0.00147193
bcdbde3e-photo-1549479047-7af9b52e5bc2 1 0.03 0.1325 0.06 0.245 0.00153665
bcdbde3e-photo-1549479047-7af9b52e5bc2 1 0.9825 0.17625 0.035 0.3525 0.00166188
bcdbde3e-photo-1549479047-7af9b52e5bc2 1 0.975833 0.2275 0.0483333 0.235 0.00167688
bcdbde3e-photo-1549479047-7af9b52e5bc2 1 0.985833 0.48 0.0283333 0.375 0.0016865
bcdbde3e-photo-1549479047-7af9b52e5bc2 1 0.634167 0.71875 0.571667 0.3425 0.00170886
bcdbde3e-photo-1549479047-7af9b52e5bc2 1 0.0166667 0.15625 0.03 0.3125 0.00178399
bcdbde3e-photo-1549479047-7af9b52e5bc2 1 0.0158333 0.25375 0.0283333 0.2825 0.00180613
bcdbde3e-photo-1549479047-7af9b52e5bc2 1 0.5525 0.37625 0.428333 0.4225 0.00180947
bcdbde3e-photo-1549479047-7af9b52e5bc2 1 0.5775 0.2825 0.121667 0.23 0.00199317
bcdbde3e-photo-1549479047-7af9b52e5bc2 1 0.976667 0.49 0.0466667 0.21 0.00202806
bcdbde3e-photo-1549479047-7af9b52e5bc2 1 0.9375 0.26375 0.125 0.3325 0.00203055
bcdbde3e-photo-1549479047-7af9b52e5bc2 1 0.164167 0.4 0.168333 0.175 0.00206399
bcdbde3e-photo-1549479047-7af9b52e5bc2 1 0.516667 0.40875 0.0966667 0.2475 0.00211044
bcdbde3e-photo-1549479047-7af9b52e5bc2 1 0.966667 0.0525 0.0666667 0.105 0.00211261
bcdbde3e-photo-1549479047-7af9b52e5bc2 1 0.441667 0.615 0.25 0.265 0.00212967
bcdbde3e-photo-1549479047-7af9b52e5bc2 1 0.968333 0.19625 0.06 0.3925 0.00216401
bcdbde3e-photo-1549479047-7af9b52e5bc2 1 0.785 0.435 0.43 0.375 0.002201
bcdbde3e-photo-1549479047-7af9b52e5bc2 1 0.0183333 0.26125 0.0366667 0.2075 0.00223825
bcdbde3e-photo-1549479047-7af9b52e5bc2 1 0.9625 0.24875 0.075 0.2575 0.00243759
bcdbde3e-photo-1549479047-7af9b52e5bc2 1 0.959167 0.245 0.0816667 0.44 0.00250641
bcdbde3e-photo-1549479047-7af9b52e5bc2 1 0.759167 0.4225 0.155 0.27 0.00277909
bcdbde3e-photo-1549479047-7af9b52e5bc2 1 0.905 0.34625 0.0966667 0.2275 0.00300162
bcdbde3e-photo-1549479047-7af9b52e5bc2 1 0.0191667 0.13125 0.0383333 0.2325 0.00302695
bcdbde3e-photo-1549479047-7af9b52e5bc2 1 0.1675 0.39875 0.095 0.1925 0.00316372
bcdbde3e-photo-1549479047-7af9b52e5bc2 1 0.496667 0.38625 0.0966667 0.2525 0.00332223
bcdbde3e-photo-1549479047-7af9b52e5bc2 1 0.955833 0.29 0.0883333 0.26 0.0035217
bcdbde3e-photo-1549479047-7af9b52e5bc2 1 0.5625 0.59375 0.358333 0.2925 0.00368046
bcdbde3e-photo-1549479047-7af9b52e5bc2 1 0.865 0.26 0.27 0.34 0.00368225
bcdbde3e-photo-1549479047-7af9b52e5bc2 1 0.983333 0.3575 0.0333333 0.31 0.00380291
bcdbde3e-photo-1549479047-7af9b52e5bc2 1 0.98 0.34125 0.04 0.2275 0.00398515
bcdbde3e-photo-1549479047-7af9b52e5bc2 1 0.415833 0.725 0.158333 0.345 0.00429591
bcdbde3e-photo-1549479047-7af9b52e5bc2 1 0.5325 0.33625 0.211667 0.3075 0.004694
bcdbde3e-photo-1549479047-7af9b52e5bc2 1 0.454167 0.71125 0.411667 0.4475 0.00487381
bcdbde3e-photo-1549479047-7af9b52e5bc2 1 0.591667 0.60125 0.193333 0.1825 0.00492359
bcdbde3e-photo-1549479047-7af9b52e5bc2 1 0.905833 0.33875 0.148333 0.2025 0.00670622
bcdbde3e-photo-1549479047-7af9b52e5bc2 1 0.580833 0.2275 0.0883333 0.155 0.00724552
bcdbde3e-photo-1549479047-7af9b52e5bc2 1 0.975 0.30375 0.05 0.2425 0.00804653
bcdbde3e-photo-1549479047-7af9b52e5bc2 1 0.971667 0.25875 0.0533333 0.3825 0.0110991
bcdbde3e-photo-1549479047-7af9b52e5bc2 1 0.983333 0.25375 0.0333333 0.3825 0.0126967
bcdbde3e-photo-1549479047-7af9b52e5bc2 1 0.965833 0.3425 0.0683333 0.225 0.0169483
bcdbde3e-photo-1549479047-7af9b52e5bc2 1 0.68 0.22625 0.333333 0.2075 0.0175785
bcdbde3e-photo-1549479047-7af9b52e5bc2 1 0.504167 0.64625 0.385 0.2975 0.0550299
bcdbde3e-photo-1549479047-7af9b52e5bc2 1 0.905833 0.30125 0.185 0.2875 0.0550574
bcdbde3e-photo-1549479047-7af9b52e5bc2 1 0.529167 0.61125 0.361667 0.2025 0.0885676
bcdbde3e-photo-1549479047-7af9b52e5bc2 1 0.116667 0.38 0.156667 0.165 0.0954931
bcdbde3e-photo-1549479047-7af9b52e5bc2 1 0.719167 0.74375 0.375 0.2425 0.285585
bcdbde3e-photo-1549479047-7af9b52e5bc2 0 0.385 0.28875 0.123333 0.2625 0.435455
bcdbde3e-photo-1549479047-7af9b52e5bc2 0 0.1875 0.2075 0.128333 0.255 0.458131
bcdbde3e-photo-1549479047-7af9b52e5bc2 1 0.383333 0.28625 0.13 0.2575 0.497873
bcdbde3e-photo-1549479047-7af9b52e5bc2 1 0.1875 0.19875 0.135 0.2175 0.640934
bcdbde3e-photo-1549479047-7af9b52e5bc2 1 0.7525 0.4325 0.331667 0.285 0.768906
bcdbde3e-photo-1549479047-7af9b52e5bc2 1 0.415833 0.7125 0.261667 0.41 0.778083
bcdbde3e-photo-1549479047-7af9b52e5bc2 1 0.493333 0.3825 0.19 0.265 0.832655
bcdbde3e-photo-1549479047-7af9b52e5bc2 1 0.125833 0.385 0.248333 0.17 0.851536
c4b64774-photo-1584991934159-00e3771243c3 1 0.73 0.0346667 0.05 0.0693333 0.00113609
c4b64774-photo-1584991934159-00e3771243c3 1 0.549167 0.034 0.045 0.068 0.00126627
c4b64774-photo-1584991934159-00e3771243c3 1 0.325833 0.0313333 0.055 0.0626667 0.00132402
c4b64774-photo-1584991934159-00e3771243c3 1 0.191667 0.0293333 0.16 0.0506667 0.00137696
c4b64774-photo-1584991934159-00e3771243c3 1 0.2225 0.0246667 0.188333 0.0413333 0.00138437
c4b64774-photo-1584991934159-00e3771243c3 1 0.3225 0.0246667 0.151667 0.0493333 0.00142042
c4b64774-photo-1584991934159-00e3771243c3 0 0.301667 0.973333 0.493333 0.0533333 0.00147359
c4b64774-photo-1584991934159-00e3771243c3 2 0.48 0.956667 0.68 0.084 0.0015459
c4b64774-photo-1584991934159-00e3771243c3 1 0.0133333 0.0253333 0.0266667 0.0506667 0.00158811
c4b64774-photo-1584991934159-00e3771243c3 1 0.550833 0.032 0.108333 0.064 0.00163868
c4b64774-photo-1584991934159-00e3771243c3 1 0.621667 0.49 0.23 0.270667 0.00167168
c4b64774-photo-1584991934159-00e3771243c3 1 0.0216667 0.0433333 0.0366667 0.0866667 0.0019028
c4b64774-photo-1584991934159-00e3771243c3 1 0.0575 0.0246667 0.115 0.044 0.00203198
c4b64774-photo-1584991934159-00e3771243c3 1 0.793333 0.968 0.41 0.064 0.00211811
c4b64774-photo-1584991934159-00e3771243c3 0 0.735833 0.972 0.505 0.056 0.00212337
c4b64774-photo-1584991934159-00e3771243c3 1 0.729167 0.0333333 0.115 0.0666667 0.00222698
c4b64774-photo-1584991934159-00e3771243c3 2 0.525833 0.942667 0.931667 0.114667 0.00274455
c4b64774-photo-1584991934159-00e3771243c3 1 0.025 0.0813333 0.05 0.162667 0.00283403
c4b64774-photo-1584991934159-00e3771243c3 2 0.525 0.866 0.936667 0.252 0.00340606
c4b64774-photo-1584991934159-00e3771243c3 1 0.0216667 0.068 0.03 0.133333 0.00362081
c4b64774-photo-1584991934159-00e3771243c3 0 0.419167 0.972 0.635 0.056 0.00376911
c4b64774-photo-1584991934159-00e3771243c3 1 0.51 0.489333 0.58 0.288 0.00421329
c4b64774-photo-1584991934159-00e3771243c3 1 0.469167 0.486667 0.278333 0.301333 0.00426839
c4b64774-photo-1584991934159-00e3771243c3 1 0.0216667 0.0253333 0.0433333 0.0506667 0.00460361
c4b64774-photo-1584991934159-00e3771243c3 1 0.208333 0.03 0.0533333 0.0546667 0.00465658
c4b64774-photo-1584991934159-00e3771243c3 0 0.606667 0.968667 0.713333 0.0626667 0.00787607
c4b64774-photo-1584991934159-00e3771243c3 1 0.0291667 0.024 0.0583333 0.048 0.00951742
c4b64774-photo-1584991934159-00e3771243c3 1 0.2075 0.0253333 0.095 0.048 0.0154802
c4b64774-photo-1584991934159-00e3771243c3 1 0.3925 0.484 0.195 0.264 0.0215105
c4b64774-photo-1584991934159-00e3771243c3 1 0.681667 0.498 0.203333 0.249333 0.0549932
c4b64774-photo-1584991934159-00e3771243c3 1 0.684167 0.498667 0.308333 0.28 0.841309
c4b64774-photo-1584991934159-00e3771243c3 1 0.390833 0.484667 0.375 0.270667 0.911351
c75ba6c6-photo-1593720440805-c637694b4ea8 1 0.26 0.514058 0.51 0.387067 0.00108207
c75ba6c6-photo-1593720440805-c637694b4ea8 1 0.065 0.974227 0.13 0.0402999 0.00115989
c75ba6c6-photo-1593720440805-c637694b4ea8 1 0.541667 0.514995 0.463333 0.435801 0.00117874
c75ba6c6-photo-1593720440805-c637694b4ea8 1 0.0433333 0.97985 0.0866667 0.0402999 0.00131535
c75ba6c6-photo-1593720440805-c637694b4ea8 1 0.0516667 0.957826 0.0966667 0.0843486 0.00136572
c75ba6c6-photo-1593720440805-c637694b4ea8 1 0.0525 0.975633 0.105 0.0487348 0.00139886
c75ba6c6-photo-1593720440805-c637694b4ea8 1 0.419167 0.507498 0.755 0.411434 0.890398
c7afe0e2-photo-1525535136511-e730793ef1a5 1 0.548333 0.744094 0.19 0.217848 0.00154022
c7afe0e2-photo-1525535136511-e730793ef1a5 1 0.0175 0.587927 0.025 0.551181 0.00165438
c7afe0e2-photo-1525535136511-e730793ef1a5 1 0.519167 0.678478 0.165 0.317585 0.124038
c7afe0e2-photo-1525535136511-e730793ef1a5 1 0.524167 0.685039 0.251667 0.346457 0.896123
c9de2d64-photo-1534695941753-73cf13435eb4 0 0.426667 0.0877778 0.216667 0.111111 0.0010049
c9de2d64-photo-1534695941753-73cf13435eb4 0 0.593333 0.246667 0.19 0.115556 0.00113686
c9de2d64-photo-1534695941753-73cf13435eb4 0 0.439167 0.0622222 0.228333 0.102222 0.00116502
c9de2d64-photo-1534695941753-73cf13435eb4 0 0.443333 0.0833333 0.303333 0.155556 0.00131785
c9de2d64-photo-1534695941753-73cf13435eb4 1 0.408333 0.13 0.376667 0.242222 0.00247062
c9de2d64-photo-1534695941753-73cf13435eb4 1 0.1775 0.101111 0.355 0.188889 0.00247214
c9de2d64-photo-1534695941753-73cf13435eb4 0 0.1725 0.1 0.345 0.186667 0.00262125
c9de2d64-photo-1534695941753-73cf13435eb4 0 0.424167 0.118333 0.298333 0.194444 0.00269567
c9de2d64-photo-1534695941753-73cf13435eb4 0 0.415833 0.12 0.201667 0.148889 0.00367312
c9de2d64-photo-1534695941753-73cf13435eb4 1 0.428333 0.126111 0.27 0.201111 0.0046968
c9de2d64-photo-1534695941753-73cf13435eb4 1 0.56 0.556667 0.88 0.664444 0.790076
e460nx 1 0.447304 0.97963 0.10049 0.0222222 0.00101729
e460nx 1 0.514706 0.981481 0.289216 0.0222222 0.00109922
e460nx 1 0.442402 0.978704 0.203431 0.0240741 0.00145876
e460nx 1 0.47549 0.980556 0.230392 0.0314815 0.00154634
e460nx 1 0.485294 0.978704 0.411765 0.0351852 0.00249076
e460nx 2 0.466912 0.485185 0.757353 0.666667 0.885988
ebrj9c 2 0.522656 0.668904 0.745313 0.639821 0.00128933
ebrj9c 2 0.673437 0.530201 0.6375 0.876957 0.00155663
ebrj9c 2 0.519531 0.673378 0.920313 0.438479 0.00158149
ebrj9c 0 0.352344 0.64877 0.617188 0.577181 0.147997
ebrj9c 2 0.360938 0.658837 0.61875 0.606264 0.347557
ebrj9c 2 0.809375 0.491051 0.3625 0.932886 0.71639
ebrj9m 2 0.01875 0.401566 0.034375 0.50783 0.00101394
ebrj9m 2 0.0429688 0.124161 0.0765625 0.243848 0.00103117
ebrj9m 2 0.0476562 0.057047 0.0953125 0.114094 0.00106225
ebrj9m 2 0.310937 0.365772 0.1625 0.288591 0.0010648
ebrj9m 2 0.605469 0.3434 0.273438 0.337808 0.00106589
ebrj9m 2 0.267969 0.223714 0.173438 0.143177 0.00113695
ebrj9m 2 0.0328125 0.195749 0.059375 0.364653 0.00115517
ebrj9m 2 0.0328125 0.446309 0.0625 0.53915 0.00118428
ebrj9m 2 0.985156 0.0369128 0.0296875 0.0738255 0.0012214
ebrj9m 2 0.0648438 0.100671 0.120312 0.196868 0.0012779
ebrj9m 2 0.071875 0.435123 0.14375 0.498881 0.00134017
ebrj9m 2 0.801562 0.375839 0.253125 0.519016 0.00152227
ebrj9m 2 0.69375 0.307606 0.28125 0.44519 0.0016194
ebrj9m 2 0.100781 0.041387 0.185937 0.0827741 0.0016929
ebrj9m 2 0.0601562 0.185682 0.120312 0.371365 0.00170818
ebrj9m 2 0.08125 0.0223714 0.146875 0.0447427 0.00181855
ebrj9m 2 0.0398437 0.275168 0.0796875 0.550336 0.00191558
ebrj9m 2 0.305469 0.312081 0.273438 0.395973 0.00196711
ebrj9m 2 0.188281 0.279642 0.376563 0.411633 0.00197183
ebrj9m 2 0.0179687 0.225951 0.0328125 0.451902 0.00207099
ebrj9m 2 0.0546875 0.0402685 0.078125 0.0805369 0.00232316
ebrj9m 2 0.065625 0.0469799 0.121875 0.0939597 0.0025468
ebrj9m 2 0.5 0.266219 0.146875 0.496644 0.00260099
ebrj9m 0 0.29375 0.341163 0.30625 0.342282 0.00269269
ebrj9m 2 0.021875 0.297539 0.034375 0.55481 0.0033148
ebrj9m 2 0.716406 0.375839 0.164062 0.447427 0.00367819
ebrj9m 2 0.122656 0.329978 0.245312 0.503356 0.00492631
ebrj9m 2 0.0546875 0.033557 0.103125 0.0671141 0.00568416
ebrj9m 2 0.0921875 0.0313199 0.15625 0.0626398 0.00587178
ebrj9m 2 0.53125 0.340045 0.16875 0.353468 0.00735356
ebrj9m 2 0.496875 0.187919 0.1375 0.295302 0.00737212
ebrj9m 2 0.317969 0.436242 0.526563 0.46085 0.0080232
ebrj9m 2 0.03125 0.317673 0.05625 0.581656 0.00835945
ebrj9m 2 0.0632813 0.316555 0.126563 0.557047 0.00999338
ebrj9m 2 0.303906 0.378076 0.360938 0.375839 0.0451805
ebrj9m 2 0.224219 0.354586 0.448438 0.44519 0.0630013
ebrj9m 2 0.607031 0.348993 0.382812 0.568233 0.15183
ebrj9m 2 0.528906 0.3434 0.192188 0.606264 0.766727
ebrj9m 2 0.721875 0.385906 0.290625 0.458613 0.779594
em49w6 2 0.0203125 0.275168 0.040625 0.259508 0.00107583
em49w6 2 0.176563 0.400447 0.353125 0.774049 0.00108527
em49w6 2 0.111719 0.12528 0.214062 0.250559 0.00114273
em49w6 2 0.0210938 0.715884 0.0359375 0.568233 0.00126027
em49w6 2 0.0445312 0.0894855 0.0890625 0.178971 0.00143144
em49w6 2 0.980469 0.474273 0.0390625 0.711409 0.00151798
em49w6 2 0.0132813 0.0816555 0.0265625 0.158837 0.00162471
em49w6 2 0.121875 0.459732 0.240625 0.834452 0.00163969
em49w6 2 0.0867188 0.266219 0.173438 0.532438 0.00175683
em49w6 2 0.0296875 0.192394 0.053125 0.362416 0.0018456
em49w6 2 0.0398437 0.692394 0.0734375 0.561521 0.00188117
em49w6 2 0.149219 0.248322 0.298438 0.496644 0.00191469
em49w6 2 0.93125 0.0704698 0.134375 0.14094 0.00192724
em49w6 2 0.0164062 0.295302 0.0328125 0.478747 0.00199562
em49w6 2 0.9625 0.436242 0.075 0.666667 0.00214235
em49w6 2 0.01875 0.152125 0.0375 0.304251 0.00241676
em49w6 2 0.059375 0.53132 0.11875 0.838926 0.00246255
em49w6 2 0.0195312 0.581656 0.0359375 0.635347 0.00261514
em49w6 2 0.0398437 0.119687 0.0796875 0.239374 0.00261895
em49w6 2 0.0554687 0.124161 0.101562 0.248322 0.00298051
em49w6 2 0.0125 0.107383 0.01875 0.214765 0.00304421
em49w6 2 0.0203125 0.337808 0.03125 0.675615 0.00324621
em49w6 2 0.0445312 0.323266 0.0796875 0.63311 0.00344428
em49w6 2 0.03125 0.392617 0.05625 0.691275 0.00404982
em49w6 2 0.0367187 0.46085 0.0734375 0.876957 0.00482199
em49w6 2 0.0484375 0.203579 0.0875 0.407159 0.0048729
em49w6 2 0.0304688 0.105145 0.0609375 0.210291 0.0051527
em49w6 2 0.0570313 0.261745 0.114063 0.52349 0.00530672
em49w6 2 0.625781 0.480984 0.307813 0.58613 0.00613765
em49w6 2 0.0179687 0.105145 0.0359375 0.210291 0.00851565
em49w6 2 0.01875 0.232662 0.034375 0.465324 0.0170617
em49w6 2 0.0320312 0.267338 0.0578125 0.534676 0.0191657
em49w6 2 0.69375 0.489933 0.465625 0.662192 0.896404
em4ad3 1 0.953125 0.120805 0.078125 0.232662 0.00100567
em4ad3 0 0.210156 0.170022 0.389062 0.317673 0.00102259
em4ad3 1 0.1625 0.284116 0.059375 0.0715884 0.0010366
em4ad3 2 0.961719 0.573825 0.0765625 0.619687 0.00106851
em4ad3 2 0.564844 0.347875 0.435937 0.480984 0.0010926
em4ad3 2 0.0257812 0.206935 0.0453125 0.41387 0.00109352
em4ad3 0 0.832812 0.315436 0.33125 0.630872 0.00115624
em4ad3 2 0.117969 0.407159 0.235938 0.791946 0.00116482
em4ad3 2 0.458594 0.241611 0.235938 0.223714 0.00120207
em4ad3 0 0.167969 0.0760626 0.301562 0.152125 0.00120838
em4ad3 2 0.466406 0.432886 0.220313 0.579418 0.00121493
em4ad3 0 0.833594 0.112975 0.332812 0.225951 0.00124164
em4ad3 2 0.021875 0.440716 0.0375 0.621924 0.0013575
em4ad3 2 0.960938 0.440716 0.065625 0.340045 0.00138705
em4ad3 0 0.161719 0.278524 0.0734375 0.0425056 0.0014611
em4ad3 2 0.501562 0.266219 0.265625 0.196868 0.00153896
em4ad3 1 0.0429688 0.0894855 0.0796875 0.178971 0.00176005
em4ad3 2 0.978906 0.40604 0.0421875 0.47651 0.00177876
em4ad3 2 0.0609375 0.397092 0.115625 0.686801 0.00193829
em4ad3 2 0.478125 0.257271 0.0875 0.174497 0.00196653
em4ad3 0 0.882812 0.265101 0.234375 0.530201 0.00217447
em4ad3 0 0.925 0.257271 0.146875 0.514541 0.00223086
em4ad3 0 0.166406 0.12528 0.320312 0.250559 0.00227795
em4ad3 2 0.486719 0.308725 0.229687 0.295302 0.00244137
em4ad3 2 0.0210938 0.583893 0.0390625 0.572707 0.00247285
em4ad3 1 0.324219 0.130872 0.0640625 0.0559284 0.00251157
em4ad3 0 0.0492188 0.130872 0.0953125 0.261745 0.0025311
em4ad3 2 0.046875 0.182327 0.09375 0.364653 0.00279852
em4ad3 0 0.925781 0.11745 0.148438 0.234899 0.00289474
em4ad3 0 0.889844 0.168904 0.220313 0.337808 0.00299229
em4ad3 2 0.452344 0.255034 0.0921875 0.196868 0.00308125
em4ad3 2 0.942187 0.392617 0.103125 0.753915 0.0031266
em4ad3 2 0.592969 0.512304 0.167187 0.478747 0.00315954
em4ad3 2 0.04375 0.619687 0.0875 0.527964 0.00348363
em4ad3 0 0.0585938 0.181208 0.117188 0.362416 0.00358246
em4ad3 0 0.0703125 0.064877 0.13125 0.129754 0.00360603
em4ad3 0 0.125781 0.167785 0.251563 0.33557 0.00394996
em4ad3 2 0.517969 0.513423 0.251563 0.503356 0.00447158
em4ad3 0 0.071875 0.108501 0.13125 0.217002 0.0046648
em4ad3 0 0.122656 0.107383 0.229687 0.205817 0.00491856
em4ad3 2 0.855469 0.410515 0.289062 0.821029 0.0074237
em4ad3 2 0.0421875 0.402685 0.084375 0.805369 0.00884612
em4ad3 2 0.465625 0.257271 0.171875 0.178971 0.011764
em4ad3 2 0.603125 0.511186 0.29375 0.346756 0.0122602
em4ad3 2 0.977344 0.440716 0.0453125 0.742729 0.012323
em4ad3 2 0.513281 0.370246 0.276563 0.449664 0.0155024
em4ad3 2 0.964063 0.441834 0.071875 0.659955 0.0268786
em4ad3 2 0.5375 0.46085 0.378125 0.635347 0.057684
em4ad3 2 0.601562 0.514541 0.34375 0.501119 0.854787
ercn9c 2 0.225781 0.5 0.451562 1 0.00127538
ercn9c 2 0.0789063 0.472036 0.157813 0.903803 0.00150044
ercn9c 2 0.130469 0.49217 0.260938 0.98434 0.00290123
ercn9c 2 0.639844 0.60179 0.720312 0.715884 0.693972
f3c042 2 0.03125 0.257271 0.059375 0.514541 0.00104704
f3c042 2 0.136719 0.303132 0.251563 0.597315 0.00109312
f3c042 2 0.0328125 0.399329 0.0625 0.668904 0.00140464
f3c042 0 0.811719 0.440716 0.345313 0.711409 0.00154464
f3c042 2 0.357812 0.485459 0.340625 0.778524 0.00206827
f3c042 0 0.376563 0.470917 0.4125 0.767338 0.00227063
f3c042 0 0.198437 0.748322 0.359375 0.458613 0.00257062
f3c042 2 0.496094 0.485459 0.607813 0.733781 0.00330669
f3c042 1 0.621094 0.348993 0.476562 0.608501 0.0919393
f3c042 0 0.620313 0.389262 0.496875 0.662192 0.122746
f3c042 0 0.523438 0.469799 0.6625 0.805369 0.660549
f3c043 2 0.87464 0.483333 0.239193 0.537037 0.00102295
f3c043 2 0.0389049 0.552778 0.0778098 0.168519 0.00104834
f3c043 2 0.93804 0.356481 0.123919 0.557407 0.00108022
f3c043 1 0.799712 0.917593 0.0951009 0.0648148 0.00123734
f3c043 2 0.0417867 0.656482 0.0835735 0.412963 0.00124481
f3c043 2 0.0778098 0.523148 0.15562 0.538889 0.00133358
f3c043 1 0.255043 0.82963 0.193084 0.0666667 0.00155984
f3c043 0 0.37464 0.980556 0.622478 0.0388889 0.0018537
f3c043 2 0.056196 0.433333 0.112392 0.437037 0.00186248
f3c043 2 0.0331412 0.506481 0.0662824 0.475926 0.00187709
f3c043 2 0.0518732 0.530556 0.103746 0.438889 0.0024694
f3c043 2 0.177233 0.460185 0.354467 0.55 0.00250883
f3c043 2 0.672911 0.45463 0.510086 0.242593 0.00254224
f3c043 2 0.0259366 0.634259 0.0518732 0.390741 0.00265809
f3c043 0 0.443804 0.974074 0.772334 0.0444444 0.00392377
f3c043 2 0.919308 0.455556 0.161383 0.555556 0.00581044
f3c043 2 0.661383 0.469444 0.573487 0.601852 0.873771
f3c048 0 0.873438 0.178971 0.253125 0.357942 0.0010258
f3c048 2 0.028125 0.0480984 0.05625 0.0961969 0.00102644
f3c048 2 0.0179687 0.560403 0.0359375 0.248322 0.00105009
f3c048 2 0.0429688 0.0794183 0.0859375 0.158837 0.00107455
f3c048 2 0.0359375 0.0659955 0.071875 0.131991 0.00108828
f3c048 2 0.0921875 0.0950783 0.16875 0.190157 0.00109316
f3c048 2 0.961719 0.345638 0.0765625 0.63311 0.0011034
f3c048 2 0.0265625 0.346756 0.05 0.237136 0.00111132
f3c048 2 0.0132813 0.365772 0.0171875 0.230425 0.00122825
f3c048 2 0.114844 0.195749 0.229687 0.391499 0.00124664
f3c048 2 0.133594 0.508949 0.242188 0.897092 0.00125404
f3c048 2 0.0140625 0.659955 0.028125 0.474273 0.00128534
f3c048 2 0.882812 0.47651 0.20625 0.612975 0.0013833
f3c048 2 0.0117188 0.135347 0.0171875 0.243848 0.00142082
f3c048 2 0.139062 0.274049 0.26875 0.548098 0.00142716
f3c048 2 0.978125 0.410515 0.040625 0.615213 0.00142848
f3c048 2 0.0234375 0.40604 0.046875 0.319911 0.00153464
f3c048 2 0.0898438 0.138702 0.179688 0.277405 0.00155686
f3c048 2 0.954687 0.474273 0.0875 0.322148 0.00157176
f3c048 2 0.0203125 0.0749441 0.040625 0.149888 0.0016447
f3c048 2 0.0210938 0.124161 0.0421875 0.248322 0.00171767
f3c048 2 0.586719 0.579418 0.357812 0.326622 0.00180296
f3c048 2 0.975781 0.680089 0.0484375 0.639821 0.00182473
f3c048 2 0.0171875 0.222595 0.028125 0.355705 0.00182858
f3c048 2 0.0164062 0.363535 0.0296875 0.239374 0.00187586
f3c048 2 0.120312 0.0704698 0.209375 0.136465 0.00195853
f3c048 2 0.0171875 0.46868 0.034375 0.234899 0.00204635
f3c048 2 0.03125 0.090604 0.059375 0.181208 0.00210401
f3c048 2 0.855469 0.300895 0.289062 0.597315 0.00218289
f3c048 2 0.0296875 0.131991 0.059375 0.255034 0.00223592
f3c048 2 0.0320312 0.328859 0.0640625 0.456376 0.00241895
f3c048 2 0.0835937 0.237136 0.167187 0.474273 0.0024841
f3c048 2 0.0546875 0.598434 0.109375 0.771812 0.00253042
f3c048 2 0.0375 0.154362 0.075 0.308725 0.00288623
f3c048 2 0.06875 0.128635 0.125 0.257271 0.00318686
f3c048 2 0.0148437 0.420582 0.0171875 0.228188 0.00333685
f3c048 2 0.882812 0.620805 0.234375 0.718121 0.00345937
f3c048 2 0.520312 0.553691 0.271875 0.561521 0.00364887
f3c048 2 0.0570313 0.173378 0.114063 0.346756 0.00365488
f3c048 2 0.03125 0.467562 0.0625 0.478747 0.00377591
f3c048 2 0.0179687 0.657718 0.0328125 0.639821 0.004238
f3c048 2 0.959375 0.686801 0.08125 0.61745 0.00439647
f3c048 2 0.946875 0.538031 0.10625 0.834452 0.004714
f3c048 2 0.94375 0.475392 0.10625 0.454139 0.00487711
f3c048 2 0.0328125 0.6566 0.065625 0.637584 0.005046
f3c048 2 0.0203125 0.162192 0.034375 0.324385 0.00505804
f3c048 2 0.95625 0.544743 0.078125 0.35123 0.00530321
f3c048 2 0.0164062 0.407159 0.0328125 0.456376 0.00537712
f3c048 2 0.0867188 0.474273 0.173438 0.845638 0.00588988
f3c048 2 0.0296875 0.536913 0.053125 0.689038 0.00596207
f3c048 2 0.0460938 0.393736 0.0859375 0.662192 0.0061304
f3c048 2 0.0585938 0.303132 0.117188 0.606264 0.00766995
f3c048 2 0.946094 0.441834 0.104687 0.744966 0.00769105
f3c048 2 0.0429688 0.263982 0.0828125 0.519016 0.0103182
f3c048 2 0.940625 0.615213 0.1125 0.675615 0.0112669
f3c048 2 0.916406 0.54698 0.167187 0.655481 0.0121483
f3c048 2 0.01875 0.417226 0.034375 0.225951 0.0136194
f3c048 2 0.0367187 0.467562 0.0734375 0.935123 0.0138905
f3c048 2 0.0320312 0.202461 0.0578125 0.400447 0.0140351
f3c048 2 0.860156 0.483221 0.279687 0.782998 0.0181774
f3c048 2 0.0203125 0.407159 0.034375 0.671141 0.0183785
f3c048 2 0.0179687 0.249441 0.0359375 0.498881 0.0189971
f3c048 2 0.973437 0.51566 0.053125 0.677852 0.0272411
f3c048 2 0.03125 0.326622 0.059375 0.653244 0.0292414
f3c048 2 0.959375 0.551454 0.078125 0.615213 0.156872
f3c048 2 0.589844 0.581656 0.401563 0.644295 0.837935
f3c049 2 0.0117188 0.364653 0.0203125 0.237136 0.00100074
f3c049 2 0.06875 0.0682327 0.13125 0.136465 0.00101815
f3c049 2 0.93125 0.13311 0.1375 0.266219 0.00105176
f3c049 2 0.125 0.213647 0.25 0.427293 0.00106704
f3c049 2 0.0328125 0.53915 0.065625 0.246085 0.00107956
f3c049 2 0.0414063 0.0346756 0.0828125 0.0693512 0.00108797
f3c049 2 0.0273438 0.218121 0.0515625 0.248322 0.00110758
f3c049 2 0.0890625 0.689038 0.178125 0.52349 0.00111406
f3c049 2 0.0125 0.108501 0.01875 0.217002 0.00116119
f3c049 2 0.021875 0.126398 0.04375 0.252796 0.00117174
f3c049 2 0.084375 0.233781 0.16875 0.467562 0.00118298
f3c049 2 0.0148437 0.441834 0.0296875 0.41387 0.00118576
f3c049 2 0.0898438 0.473154 0.179688 0.659955 0.00119377
f3c049 2 0.978125 0.176734 0.04375 0.353468 0.00120422
f3c049 2 0.933594 0.434004 0.132812 0.469799 0.00121757
f3c049 2 0.959375 0.174497 0.08125 0.348993 0.00123051
f3c049 2 0.0625 0.178971 0.125 0.357942 0.00132859
f3c049 2 0.0328125 0.161074 0.059375 0.322148 0.00134695
f3c049 2 0.85625 0.191275 0.2875 0.38255 0.00138523
f3c049 2 0.939062 0.344519 0.121875 0.689038 0.00139895
f3c049 2 0.471875 0.549217 0.29375 0.342282 0.00143194
f3c049 2 0.938281 0.269575 0.101562 0.346756 0.00147219
f3c049 2 0.953906 0.228188 0.0765625 0.340045 0.00148887
f3c049 2 0.0632813 0.510067 0.126563 0.545861 0.0015194
f3c049 2 0.955469 0.431767 0.0828125 0.46085 0.0016287
f3c049 2 0.0140625 0.451902 0.021875 0.219239 0.00168249
f3c049 2 0.0179687 0.274049 0.0359375 0.248322 0.00172396
f3c049 2 0.0304688 0.391499 0.0578125 0.599553 0.00210248
f3c049 0 0.836719 0.279642 0.326562 0.559284 0.00210792
f3c049 2 0.0265625 0.11745 0.046875 0.234899 0.00220068
f3c049 2 0.0507812 0.246085 0.101562 0.469799 0.0023752
f3c049 2 0.021875 0.655481 0.04375 0.626398 0.00245522
f3c049 2 0.0367187 0.477629 0.0734375 0.60179 0.00261415
f3c049 2 0.0570313 0.670022 0.114063 0.521253 0.00270895
f3c049 2 0.0171875 0.473154 0.034375 0.583893 0.00282412
f3c049 2 0.963281 0.526846 0.0703125 0.677852 0.00305812
f3c049 2 0.975 0.43736 0.046875 0.834452 0.00318664
f3c049 2 0.0203125 0.329978 0.0375 0.521253 0.00329804
f3c049 2 0.01875 0.108501 0.03125 0.217002 0.00341937
f3c049 2 0.0226563 0.550336 0.0359375 0.536913 0.00352548
f3c049 2 0.025 0.291946 0.046875 0.248322 0.00370019
f3c049 2 0.01875 0.362416 0.0375 0.237136 0.00415746
f3c049 2 0.0195312 0.218121 0.0359375 0.436242 0.00516064
f3c049 2 0.0367187 0.61745 0.0671875 0.612975 0.00565678
f3c049 2 0.0304688 0.237136 0.0609375 0.474273 0.00785366
f3c049 2 0.974219 0.274049 0.0515625 0.548098 0.00958876
f3c049 2 0.883594 0.442953 0.232812 0.872483 0.0101339
f3c049 2 0.542969 0.564877 0.454688 0.35123 0.0124895
f3c049 2 0.936719 0.436242 0.126563 0.82774 0.0125454
f3c049 2 0.877344 0.263982 0.245312 0.527964 0.0220703
f3c049 2 0.951563 0.402685 0.084375 0.805369 0.025394
f3c049 2 0.928125 0.267338 0.140625 0.525727 0.0258784
f3c049 2 0.95625 0.267338 0.084375 0.534676 0.0600425
f3c049 2 0.585938 0.615213 0.51875 0.510067 0.868275
f41gc8 2 0.0605187 0.368519 0.121037 0.737037 0.0010294
f41gc8 1 0.527378 0.973148 0.495677 0.0351852 0.00109389
f41gc8 1 0.456772 0.975 0.51585 0.0462963 0.00114727
f41gc8 0 0.753602 0.486111 0.446686 0.631481 0.00118102
f41gc8 0 0.381844 0.980556 0.590778 0.0388889 0.00122489
f41gc8 2 0.711816 0.587037 0.501441 0.4 0.00124876
f41gc8 1 0.95245 0.925926 0.0951009 0.0666667 0.00129218
f41gc8 1 0.0965418 0.199074 0.193084 0.398148 0.00132146
f41gc8 2 0.332853 0.435185 0.417867 0.488889 0.00143223
f41gc8 1 0.959654 0.923148 0.0576369 0.05 0.00152978
f41gc8 2 0.220461 0.432407 0.383285 0.590741 0.00166799
f41gc8 1 0.961095 0.916667 0.0432277 0.0481481 0.00196017
f41gc8 1 0.0634006 0.236111 0.126801 0.472222 0.00212644
f41gc8 0 0.510086 0.973148 0.847262 0.0425926 0.00550011
f41gc8 2 0.45245 0.487963 0.495677 0.557407 0.00956723
f41gc8 2 0.557637 0.488889 0.763689 0.607407 0.746188
f41nhw 2 0.0140625 0.297539 0.028125 0.46085 0.00100131
f41nhw 2 0.445312 0.530201 0.090625 0.237136 0.00101384
f41nhw 2 0.0273438 0.291946 0.0546875 0.454139 0.00102075
f41nhw 2 0.982813 0.213647 0.034375 0.427293 0.00103137
f41nhw 2 0.371094 0.555928 0.239063 0.324385 0.00105755
f41nhw 2 0.736719 0.659955 0.301562 0.447427 0.00108183
f41nhw 2 0.965625 0.0883669 0.06875 0.176734 0.00108898
f41nhw 2 0.015625 0.100671 0.03125 0.201342 0.00113009
f41nhw 2 0.985156 0.135347 0.0296875 0.270694 0.00120665
f41nhw 2 0.0804688 0.469799 0.142188 0.425056 0.0013132
f41nhw 2 0.641406 0.627517 0.151562 0.355705 0.00133229
f41nhw 2 0.419531 0.620805 0.0953125 0.252796 0.00143649
f41nhw 2 0.977344 0.288591 0.0453125 0.577181 0.00143994
f41nhw 2 0.028125 0.192394 0.05625 0.384787 0.00144096
f41nhw 2 0.0195312 0.517897 0.0328125 0.597315 0.00146409
f41nhw 2 0.421094 0.530201 0.0953125 0.246085 0.00146662
f41nhw 2 0.95 0.033557 0.1 0.0671141 0.00165055
f41nhw 2 0.970312 0.0503356 0.059375 0.100671 0.00171387
f41nhw 2 0.0328125 0.511186 0.065625 0.552573 0.00184054
f41nhw 2 0.990625 0.115213 0.01875 0.230425 0.0019028
f41nhw 2 0.84375 0.700224 0.3 0.299776 0.00194311
f41nhw 2 0.960938 0.277405 0.078125 0.55481 0.0019476
f41nhw 2 0.958594 0.0525727 0.0828125 0.105145 0.00194874
f41nhw 2 0.664062 0.530201 0.25625 0.228188 0.00208753
f41nhw 2 0.628906 0.709172 0.348437 0.290828 0.00213139
f41nhw 2 0.976562 0.0671141 0.046875 0.134228 0.0027716
f41nhw 2 0.421094 0.532438 0.167187 0.196868 0.00277986
f41nhw 2 0.0195312 0.332215 0.0328125 0.659955 0.00306624
f41nhw 2 0.9875 0.0548098 0.025 0.10962 0.00343671
f41nhw 2 0.55625 0.0324385 0.128125 0.064877 0.00361693
f41nhw 2 0.0320312 0.316555 0.0640625 0.63311 0.00384495
f41nhw 2 0.982031 0.100671 0.0359375 0.201342 0.00403574
f41nhw 2 0.01875 0.220358 0.028125 0.440716 0.00485098
f41nhw 2 0.647656 0.583893 0.264062 0.317673 0.0203518
f41nhw 2 0.160938 0.446309 0.2 0.342282 0.0320065
f41nhw 2 0.6625 0.652125 0.3625 0.387025 0.444429
f41nhw 2 0.765625 0.694631 0.465625 0.319911 0.510119
f41nhw 2 0.419531 0.57047 0.204688 0.331096 0.846629
f41nhw 2 0.153906 0.458613 0.245312 0.496644 0.884617
f4bga1 2 0.0132813 0.43736 0.0265625 0.203579 0.00101118
f4bga1 2 0.275 0.342282 0.315625 0.389262 0.00103831
f4bga1 1 0.460156 0.974273 0.129688 0.0380313 0.00107178
f4bga1 2 0.0125 0.479866 0.025 0.378076 0.00107375
f4bga1 2 0.267188 0.409396 0.221875 0.308725 0.00110928
f4bga1 2 0.953906 0.104027 0.0859375 0.208054 0.00113406
f4bga1 2 0.854688 0.543624 0.275 0.49217 0.00115471
f4bga1 2 0.194531 0.402685 0.204688 0.46085 0.00117223
f4bga1 2 0.0179687 0.368009 0.0359375 0.225951 0.0013847
f4bga1 2 0.015625 0.543624 0.03125 0.246085 0.00140069
f4bga1 2 0.0179687 0.550336 0.0328125 0.469799 0.0014168
f4bga1 2 0.00703125 0.475392 0.0140625 0.167785 0.00143467
f4bga1 2 0.316406 0.469799 0.167187 0.474273 0.00143592
f4bga1 2 0.63125 0.483221 0.184375 0.568233 0.00152419
f4bga1 2 0.171094 0.746085 0.0453125 0.0693512 0.00154499
f4bga1 2 0.0289063 0.272931 0.0578125 0.545861 0.00163864
f4bga1 2 0.365625 0.477629 0.16875 0.422819 0.00169684
f4bga1 1 0.460938 0.973154 0.065625 0.0268456 0.00176706
f4bga1 2 0.0164062 0.403803 0.0328125 0.494407 0.00206804
f4bga1 2 0.685156 0.469799 0.204688 0.653244 0.00244431
f4bga1 2 0.508594 0.552573 0.282813 0.496644 0.00245215
f4bga1 2 0.0195312 0.298658 0.0328125 0.565996 0.00262046
f4bga1 2 0.958594 0.280761 0.0828125 0.561521 0.00276393
f4bga1 2 0.263281 0.474273 0.160938 0.411633 0.00293374
f4bga1 2 0.4125 0.47651 0.334375 0.33557 0.0038831
f4bga1 2 0.496094 0.444072 0.273438 0.494407 0.0041001
f4bga1 2 0.794531 0.440716 0.320312 0.322148 0.00448509
f4bga1 2 0.360156 0.519016 0.223438 0.532438 0.00635348
f4bga1 2 0.55625 0.47651 0.31875 0.348993 0.00771754
f4bga1 2 0.247656 0.409396 0.239063 0.49217 0.0109567
f4bga1 2 0.289062 0.478747 0.309375 0.340045 0.0110321
f4bga1 2 0.367188 0.448546 0.296875 0.503356 0.0359228
f4bga1 2 0.296875 0.474273 0.321875 0.58613 0.84199
f4bga1 2 0.417969 0.480984 0.420312 0.635347 0.861311
f4bga1 2 0.552344 0.477629 0.339063 0.597315 0.863935
f4bga1 2 0.802344 0.467562 0.373437 0.626398 0.896324
f7tpyx 2 0.034375 0.520134 0.059375 0.557047 0.00100021
f7tpyx 2 0.021875 0.475392 0.040625 0.646532 0.0011027
f7tpyx 2 0.0171875 0.230425 0.034375 0.46085 0.00113703
f7tpyx 2 0.0445312 0.0357942 0.0796875 0.0715884 0.00116285
f7tpyx 2 0.0203125 0.0771812 0.040625 0.154362 0.00118596
f7tpyx 2 0.583594 0.418345 0.229687 0.380313 0.00123055
f7tpyx 2 0.03125 0.252796 0.0625 0.505593 0.00123703
f7tpyx 2 0.0320312 0.0324385 0.0640625 0.064877 0.00123969
f7tpyx 2 0.977344 0.221477 0.0453125 0.246085 0.00134824
f7tpyx 2 0.920313 0.268456 0.153125 0.536913 0.00136944
f7tpyx 2 0.0492188 0.0190157 0.0984375 0.0380313 0.0013972
f7tpyx 2 0.897656 0.333333 0.182812 0.451902 0.00139882
f7tpyx 2 0.764063 0.571588 0.275 0.557047 0.00149605
f7tpyx 2 0.979688 0.50783 0.040625 0.644295 0.00155347
f7tpyx 2 0.74375 0.448546 0.21875 0.44519 0.00160891
f7tpyx 2 0.945312 0.32774 0.1 0.548098 0.00173064
f7tpyx 2 0.966406 0.526846 0.0671875 0.503356 0.00178121
f7tpyx 2 0.982031 0.370246 0.0359375 0.637584 0.00187233
f7tpyx 2 0.715625 0.417226 0.171875 0.337808 0.00192859
f7tpyx 2 0.90625 0.449664 0.18125 0.505593 0.00194003
f7tpyx 2 0.685156 0.410515 0.157813 0.270694 0.00197647
f7tpyx 2 0.0484375 0.404922 0.09375 0.621924 0.00201818
f7tpyx 2 0.780469 0.42953 0.189063 0.295302 0.00204255
f7tpyx 2 0.345313 0.508949 0.203125 0.449664 0.00257471
f7tpyx 2 0.511719 0.548098 0.164062 0.465324 0.00272202
f7tpyx 2 0.939844 0.472036 0.120312 0.496644 0.00300698
f7tpyx 2 0.400781 0.521253 0.248437 0.340045 0.00369858
f7tpyx 2 0.0484375 0.0313199 0.096875 0.0626398 0.0038124
f7tpyx 2 0.880469 0.458613 0.167187 0.393736 0.00406813
f7tpyx 2 0.0203125 0.334452 0.0375 0.592841 0.0040903
f7tpyx 2 0.622656 0.548098 0.157813 0.420582 0.00420085
f7tpyx 2 0.0304688 0.399329 0.0546875 0.642058 0.00430761
f7tpyx 2 0.772656 0.521253 0.223438 0.348993 0.00472802
f7tpyx 2 0.965625 0.391499 0.065625 0.61745 0.00536051
f7tpyx 2 0.965625 0.242729 0.065625 0.485459 0.00542763
f7tpyx 2 0.701563 0.525727 0.165625 0.357942 0.00578385
f7tpyx 2 0.980469 0.252796 0.0390625 0.505593 0.00610313
f7tpyx 2 0.416406 0.512304 0.154687 0.46085 0.00951184
f7tpyx 2 0.646875 0.526846 0.15625 0.337808 0.0129386
f7tpyx 2 0.710938 0.513423 0.23125 0.440716 0.0428533
f7tpyx 2 0.617969 0.512304 0.232812 0.447427 0.0915614
f7tpyx 2 0.859375 0.489933 0.24375 0.434004 0.2803
f7tpyx 2 0.807031 0.510067 0.226562 0.469799 0.862743
f7tpyx 2 0.664062 0.53915 0.203125 0.49217 0.873626
f7tpyx 2 0.557813 0.5 0.175 0.458613 0.88054
f7tpyx 2 0.41875 0.519016 0.30625 0.510067 0.906089
f7tr1k 2 0.0375 0.266219 0.071875 0.52349 0.0010033
f7tr1k 2 0.0570313 0.438479 0.104687 0.581656 0.00100809
f7tr1k 2 0.0359375 0.12528 0.071875 0.250559 0.0011148
f7tr1k 2 0.896875 0.403803 0.20625 0.552573 0.00116772
f7tr1k 2 0.0179687 0.581656 0.0328125 0.161074 0.00124286
f7tr1k 2 0.0914062 0.47651 0.176563 0.49217 0.0012572
f7tr1k 2 0.964844 0.199105 0.0671875 0.39821 0.00130188
f7tr1k 2 0.0179687 0.184564 0.0328125 0.360179 0.00135906
f7tr1k 2 0.964063 0.290828 0.071875 0.250559 0.00139149
f7tr1k 2 0.464063 0.376958 0.21875 0.404922 0.00144046
f7tr1k 2 0.0140625 0.399329 0.028125 0.234899 0.00150149
f7tr1k 2 0.314844 0.47651 0.360938 0.581656 0.00155456
f7tr1k 2 0.3875 0.425056 0.225 0.322148 0.00156177
f7tr1k 2 0.0125 0.13311 0.021875 0.248322 0.00158501
f7tr1k 2 0.028125 0.332215 0.05 0.606264 0.00162244
f7tr1k 2 0.307031 0.478747 0.217187 0.505593 0.00180432
f7tr1k 2 0.816406 0.394855 0.170312 0.324385 0.00191056
f7tr1k 2 0.0171875 0.255034 0.034375 0.246085 0.0021945
f7tr1k 2 0.977344 0.213647 0.0453125 0.427293 0.00234216
f7tr1k 2 0.908594 0.403803 0.164062 0.41387 0.00265478
f7tr1k 2 0.0289063 0.106264 0.0546875 0.212528 0.00292313
f7tr1k 2 0.94375 0.331096 0.1125 0.510067 0.00364192
f7tr1k 2 0.36875 0.47651 0.225 0.474273 0.00387799
f7tr1k 2 0.0242187 0.222595 0.0453125 0.44519 0.00410725
f7tr1k 2 0.16875 0.473154 0.225 0.472036 0.00435443
f7tr1k 2 0.0328125 0.436242 0.065625 0.577181 0.00439211
f7tr1k 2 0.0203125 0.119687 0.040625 0.239374 0.00575828
f7tr1k 2 0.584375 0.495526 0.25 0.548098 0.00586645
f7tr1k 2 0.0195312 0.439597 0.0359375 0.592841 0.00599941
f7tr1k 2 0.978125 0.328859 0.04375 0.621924 0.00609567
f7tr1k 2 0.44375 0.478747 0.16875 0.478747 0.00740839
f7tr1k 2 0.498437 0.455257 0.25625 0.503356 0.0096982
f7tr1k 2 0.964844 0.328859 0.0703125 0.559284 0.0122213
f7tr1k 2 0.666406 0.446309 0.167187 0.472036 0.0129952
f7tr1k 2 0.015625 0.263982 0.03125 0.527964 0.0139302
f7tr1k 2 0.592188 0.428412 0.215625 0.378076 0.0147164
f7tr1k 2 0.734375 0.46868 0.175 0.485459 0.0174004
f7tr1k 2 0.480469 0.474273 0.173438 0.442953 0.0197321
f7tr1k 2 0.439844 0.480984 0.282813 0.348993 0.0267679
f7tr1k 2 0.235156 0.479866 0.164062 0.458613 0.0317466
f7tr1k 2 0.642187 0.444072 0.23125 0.342282 0.0319474
f7tr1k 2 0.242969 0.478747 0.257812 0.49217 0.84683
f7tr1k 2 0.84375 0.419463 0.203125 0.418345 0.857277
f7tr1k 2 0.436719 0.498881 0.317187 0.541387 0.86294
f7tr1k 2 0.757031 0.39038 0.173438 0.41387 0.866959
f7tr1k 2 0.651563 0.459732 0.30625 0.489933 0.87289
