28006992-photo-1600329654155-9a798a51c5ce 0 0.839317 0.923116 0.319815 0.153768 0.00118031
28006992-photo-1600329654155-9a798a51c5ce 0 0.189724 0.421545 0.379449 0.670734 0.00128523
28006992-photo-1600329654155-9a798a51c5ce 0 0.0627451 0.429701 0.124805 0.592553 0.00156282
28006992-photo-1600329654155-9a798a51c5ce 0 0.390647 0.747485 0.127108 0.0964801 0.0016599
28006992-photo-1600329654155-9a798a51c5ce 0 0.309017 0.396093 0.377185 0.627291 0.00223249
28006992-photo-1600329654155-9a798a51c5ce 0 0.754124 0.226909 0.342693 0.155054 0.00682503
28006992-photo-1600329654155-9a798a51c5ce 0 0.457032 0.429271 0.668014 0.689717 0.947624
29058544-photo-1595672234107-dbc792655abf 1 0.684218 0.390374 0.620612 0.710151 0.331275
29058544-photo-1595672234107-dbc792655abf 1 0.516263 0.409148 0.671409 0.659947 0.716916
308074031-480px 1 0.0851448 0.387549 0.111198 0.0790615 0.00103392
308074031-480px 1 0.0963796 0.25569 0.130161 0.106936 0.00141364
308074031-480px 1 0.0878258 0.327458 0.115618 0.0701858 0.00153245
308074031-480px 1 0.598867 0.483482 0.597861 0.835829 0.95334
41018371-photo-1534627760265-69713192ade4 0 0.675501 0.483216 0.235514 0.395754 0.934986
41018371-photo-1534627760265-69713192ade4 0 0.428784 0.529723 0.375892 0.448782 0.938326
51931452-photo-1604761628391-e125981dcb3d 1 0.481739 0.587953 0.564552 0.486674 0.00131715
51931452-photo-1604761628391-e125981dcb3d 1 0.38183 0.521727 0.763661 0.35473 0.0240958
51931452-photo-1604761628391-e125981dcb3d 1 0.378626 0.66903 0.757253 0.648084 0.937676
76912066-photo-1586276632510-a680c3db9a10 0 0.12856 0.624407 0.257121 0.134071 0.00111499
76912066-photo-1586276632510-a680c3db9a10 0 0.156934 0.0672781 0.313869 0.134556 0.00127251
76912066-photo-1586276632510-a680c3db9a10 0 0.626827 0.438468 0.299548 0.195474 0.908814
a0dcfb43-photo-1549216580-cdaa97339899 1 0.575195 0.192356 0.84961 0.384712 0.00111325
a0dcfb43-photo-1549216580-cdaa97339899 1 0.380638 0.573021 0.639177 0.424964 0.00114306
a0dcfb43-photo-1549216580-cdaa97339899 1 0.533931 0.110579 0.839668 0.221159 0.00127494
a0dcfb43-photo-1549216580-cdaa97339899 1 0.199865 0.795141 0.399729 0.136225 0.00367624
a0dcfb43-photo-1549216580-cdaa97339899 1 0.484028 0.577189 0.362909 0.430208 0.00507228
a0dcfb43-photo-1549216580-cdaa97339899 1 0.513859 0.484339 0.370143 0.231399 0.0058008
a0dcfb43-photo-1549216580-cdaa97339899 1 0.324218 0.792479 0.648436 0.141493 0.0702238
a0dcfb43-photo-1549216580-cdaa97339899 1 0.64362 0.578245 0.637701 0.427149 0.91337
a15ec123-image_9 0 0.533638 0.52371 0.211861 0.518441 0.0082083
a15ec123-image_9 0 0.372009 0.543557 0.5371 0.690572 0.922124
a1f6b1c9-photo-1531512423823-672893a2b91d 0 0.416341 0.681821 0.214718 0.179318 0.00113374
a1f6b1c9-photo-1531512423823-672893a2b91d 0 0.455039 0.696176 0.145478 0.151546 0.0096705
a1f6b1c9-photo-1531512423823-672893a2b91d 0 0.615696 0.614659 0.474711 0.350232 0.855105
a2723d1e-image_20 0 0.412242 0.584343 0.709188 0.535305 0.876702
a408e8ce-photo-1551254539-1e77a07f02ff 1 0.629286 0.470679 0.407701 0.52714 0.938171
aaadab5a-photo-1550686379-ab264a08f029 0 0.462697 0.639244 0.328387 0.214157 0.00142048
aaadab5a-photo-1550686379-ab264a08f029 1 0.798884 0.0640015 0.375446 0.128003 0.00179961
aaadab5a-photo-1550686379-ab264a08f029 0 0.274619 0.444723 0.320215 0.325915 0.00250003
aaadab5a-photo-1550686379-ab264a08f029 0 0.116639 0.186187 0.228264 0.276391 0.00512978
aaadab5a-photo-1550686379-ab264a08f029 0 0.808733 0.0611083 0.376541 0.122217 0.00562371
aaadab5a-photo-1550686379-ab264a08f029 0 0.373062 0.41643 0.121854 0.271565 0.012949
aaadab5a-photo-1550686379-ab264a08f029 0 0.368189 0.508657 0.13388 0.456066 0.0138709
aaadab5a-photo-1550686379-ab264a08f029 0 0.322194 0.492012 0.226235 0.41624 0.0171632
aaadab5a-photo-1550686379-ab264a08f029 0 0.263628 0.538295 0.342614 0.52794 0.466765
aaadab5a-photo-1550686379-ab264a08f029 0 0.115194 0.111955 0.230388 0.219856 0.608425
aaadab5a-photo-1550686379-ab264a08f029 0 0.488115 0.731154 0.382648 0.402825 0.668182
ac031c0c-photo-1588198154890-00e74bc72f20 1 0.614962 0.449249 0.111816 0.262501 0.00106586
ac031c0c-photo-1588198154890-00e74bc72f20 1 0.159394 0.0583848 0.121666 0.11677 0.00134963
ac031c0c-photo-1588198154890-00e74bc72f20 1 0.417578 0.268963 0.239795 0.47305 0.00160544
ac031c0c-photo-1588198154890-00e74bc72f20 1 0.0587422 0.6709 0.117484 0.146464 0.00163303
ac031c0c-photo-1588198154890-00e74bc72f20 1 0.531238 0.197304 0.383369 0.328767 0.00170065
ac031c0c-photo-1588198154890-00e74bc72f20 1 0.186279 0.192429 0.372557 0.384857 0.00200561
ac031c0c-photo-1588198154890-00e74bc72f20 0 0.977291 0.340487 0.0454184 0.241675 0.00254162
ac031c0c-photo-1588198154890-00e74bc72f20 1 0.0741289 0.641385 0.148046 0.369467 0.00269412
ac031c0c-photo-1588198154890-00e74bc72f20 1 0.962676 0.536509 0.073962 0.12071 0.00309185
ac031c0c-photo-1588198154890-00e74bc72f20 1 0.699615 0.440411 0.0548435 0.0872864 0.00376277
ac031c0c-photo-1588198154890-00e74bc72f20 1 0.362961 0.444704 0.725922 0.889408 0.00547097
ac031c0c-photo-1588198154890-00e74bc72f20 1 0.536521 0.286987 0.476039 0.504671 0.00690487
ac031c0c-photo-1588198154890-00e74bc72f20 1 0.122193 0.164632 0.244385 0.329264 0.00729378
ac031c0c-photo-1588198154890-00e74bc72f20 1 0.637035 0.234435 0.172592 0.132691 0.00793728
ac031c0c-photo-1588198154890-00e74bc72f20 1 0.271533 0.339722 0.0768093 0.150018 0.0103647
ac031c0c-photo-1588198154890-00e74bc72f20 1 0.885544 0.196678 0.228423 0.241914 0.0107794
ac031c0c-photo-1588198154890-00e74bc72f20 1 0.626773 0.496082 0.062339 0.171182 0.011386
ac031c0c-photo-1588198154890-00e74bc72f20 1 0.705134 0.467741 0.060835 0.141254 0.0128905
ac031c0c-photo-1588198154890-00e74bc72f20 1 0.693325 0.215324 0.071007 0.0952902 0.0143371
ac031c0c-photo-1588198154890-00e74bc72f20 1 0.195387 0.324261 0.100603 0.131938 0.0165264
ac031c0c-photo-1588198154890-00e74bc72f20 1 0.828352 0.590876 0.11267 0.112464 0.0170895
ac031c0c-photo-1588198154890-00e74bc72f20 1 0.0741172 0.716908 0.147888 0.208887 0.0208386
ac031c0c-photo-1588198154890-00e74bc72f20 1 0.718126 0.2024 0.131682 0.244023 0.0225755
ac031c0c-photo-1588198154890-00e74bc72f20 1 0.961542 0.273464 0.0769151 0.3435 0.0232207
ac031c0c-photo-1588198154890-00e74bc72f20 1 0.434538 0.180629 0.268749 0.293847 0.0289502
ac031c0c-photo-1588198154890-00e74bc72f20 1 0.655837 0.492918 0.163298 0.17807 0.0313836
ac031c0c-photo-1588198154890-00e74bc72f20 1 0.894191 0.266219 0.211272 0.390958 0.0337089
ac031c0c-photo-1588198154890-00e74bc72f20 1 0.979536 0.290394 0.0409285 0.341557 0.0338652
ac031c0c-photo-1588198154890-00e74bc72f20 1 0.3172 0.259041 0.625877 0.518081 0.0381416
ac031c0c-photo-1588198154890-00e74bc72f20 1 0.634139 0.247264 0.0917713 0.0935557 0.0543271
ac031c0c-photo-1588198154890-00e74bc72f20 1 0.826647 0.267927 0.346706 0.396437 0.0777278
ac031c0c-photo-1588198154890-00e74bc72f20 1 0.0715106 0.16339 0.142417 0.321332 0.140723
ac031c0c-photo-1588198154890-00e74bc72f20 0 0.661671 0.869026 0.166103 0.0948034 0.888842
ada1648b-photo-1595067312884-49c3d38245c4 0 0.31265 0.702074 0.568499 0.521555 0.0011824
ada1648b-photo-1595067312884-49c3d38245c4 0 0.299086 0.444886 0.589193 0.647758 0.00158933
ada1648b-photo-1595067312884-49c3d38245c4 0 0.310506 0.642965 0.475713 0.239326 0.0116131
ada1648b-photo-1595067312884-49c3d38245c4 0 0.701453 0.430257 0.484314 0.314922 0.670995
ada1648b-photo-1595067312884-49c3d38245c4 0 0.373328 0.595217 0.653649 0.34841 0.751041
ada1648b-photo-1595067312884-49c3d38245c4 0 0.297132 0.289003 0.577642 0.302297 0.820915
ada315c6-photo-1558206356-8cd5d80de0de 2 0.507148 0.234041 0.197504 0.208482 0.00137562
ada315c6-photo-1558206356-8cd5d80de0de 0 0.303797 0.218922 0.301614 0.359867 0.00153935
ada315c6-photo-1558206356-8cd5d80de0de 2 0.230763 0.275652 0.448975 0.507878 0.0503847
ada315c6-photo-1558206356-8cd5d80de0de 0 0.229542 0.265818 0.4507 0.531637 0.0567293
ada315c6-photo-1558206356-8cd5d80de0de 0 0.743489 0.546966 0.237229 0.343303 0.0657925
ada315c6-photo-1558206356-8cd5d80de0de 0 0.603323 0.598965 0.203571 0.283554 0.104782
ada315c6-photo-1558206356-8cd5d80de0de 0 0.681363 0.573445 0.362822 0.401606 0.490113
ada4894a-photo-1581538300037-7b2677ffee60 0 0.301875 0.531575 0.476644 0.282077 0.00135677
ada4894a-photo-1581538300037-7b2677ffee60 0 0.168355 0.571793 0.255543 0.196159 0.00270981
ada4894a-photo-1581538300037-7b2677ffee60 0 0.238964 0.564642 0.411772 0.212477 0.00473561
ada4894a-photo-1581538300037-7b2677ffee60 0 0.199021 0.607986 0.324433 0.124693 0.00870167
ada4894a-photo-1581538300037-7b2677ffee60 0 0.172238 0.629439 0.264029 0.0811269 0.0104276
ada4894a-photo-1581538300037-7b2677ffee60 0 0.374834 0.501808 0.73013 0.333769 0.775516
af0d294c-photo-1527539617617-76852f5d570b 1 0.184411 0.983462 0.1845 0.0330761 0.00119628
af0d294c-photo-1527539617617-76852f5d570b 1 0.567131 0.928872 0.49328 0.142256 0.00128456
af0d294c-photo-1527539617617-76852f5d570b 1 0.235292 0.98064 0.403315 0.038719 0.00269389
af0d294c-photo-1527539617617-76852f5d570b 1 0.495511 0.966725 0.489757 0.0651889 0.00407806
af0d294c-photo-1527539617617-76852f5d570b 1 0.471999 0.950916 0.543741 0.0981683 0.00457417
af0d294c-photo-1527539617617-76852f5d570b 1 0.135241 0.981955 0.266062 0.0360903 0.00906733
af0d294c-photo-1527539617617-76852f5d570b 1 0.5 0.516751 1 0.966498 0.126277
af0d294c-photo-1527539617617-76852f5d570b 1 0.43506 0.100379 0.143405 0.0952798 0.853047
b141c104-image_16 1 0.32665 0.560518 0.423445 0.725313 0.00121267
b141c104-image_16 0 0.210937 0.619177 0.19663 0.552262 0.00161814
b141c104-image_16 0 0.53887 0.552589 0.896947 0.769308 0.0570343
b141c104-image_16 0 0.323281 0.562819 0.420177 0.71345 0.486378
b1d70248-photo-1579444798661-ce60beaa0413 2 0.392506 0.599381 0.519884 0.7973 0.00148178
b1d70248-photo-1579444798661-ce60beaa0413 0 0.499945 0.564594 0.754807 0.724504 0.333008
b1d70248-photo-1579444798661-ce60beaa0413 0 0.504684 0.455325 0.737608 0.440369 0.547557
b2f8ee01-photo-1604082668185-e8a2d4f6cc99 1 0.600326 0.124359 0.437952 0.245524 0.00134185
b2f8ee01-photo-1604082668185-e8a2d4f6cc99 1 0.534707 0.369849 0.930587 0.734197 0.00315201
b2f8ee01-photo-1604082668185-e8a2d4f6cc99 1 0.521092 0.562973 0.331882 0.26392 0.923421
b60f9c21-photo-1586276633990-fb6092e2de01 0 0.815678 0.966106 0.343156 0.0677871 0.001316
b60f9c21-photo-1586276633990-fb6092e2de01 0 0.851814 0.932291 0.294266 0.135419 0.00180068
b60f9c21-photo-1586276633990-fb6092e2de01 0 0.31004 0.95078 0.33246 0.0984396 0.00439852
b60f9c21-photo-1586276633990-fb6092e2de01 2 0.481637 0.460675 0.190728 0.615845 0.00683949
b60f9c21-photo-1586276633990-fb6092e2de01 0 0.898334 0.949062 0.203332 0.101876 0.00708286
b60f9c21-photo-1586276633990-fb6092e2de01 0 0.617861 0.944516 0.40663 0.110968 0.0136891
b60f9c21-photo-1586276633990-fb6092e2de01 0 0.771136 0.945155 0.454312 0.109691 0.0138115
b60f9c21-photo-1586276633990-fb6092e2de01 0 0.484911 0.460388 0.185514 0.630194 0.902828
b8266ef5-photo-1560190929-c3a0e7db1d7d 1 0.846992 0.812595 0.305538 0.37481 0.00254539
b8266ef5-photo-1560190929-c3a0e7db1d7d 1 0.543363 0.51529 0.240395 0.524014 0.894567
b8266ef5-photo-1560190929-c3a0e7db1d7d 1 0.407163 0.481357 0.265664 0.559268 0.953128
b86ddbbb-photo-1581074429373-ccb7e514d54b 0 0.234313 0.686489 0.468625 0.627022 0.948185
baa24d78-photo-1583860247580-e492d2b9186d 1 0.310012 0.573609 0.410962 0.372893 0.00164519
baa24d78-photo-1583860247580-e492d2b9186d 1 0.448645 0.460463 0.68289 0.62179 0.908886
bad90450-photo-1562224347-aabe787839a6 1 0.517456 0.538093 0.563166 0.700853 0.00137771
bad90450-photo-1562224347-aabe787839a6 1 0.440341 0.596603 0.743853 0.806794 0.00140418
bad90450-photo-1562224347-aabe787839a6 1 0.510333 0.592983 0.580889 0.814034 0.286914
bcdbde3e-photo-1549479047-7af9b52e5bc2 1 0.983702 0.370907 0.0323192 0.225525 0.0010425
bcdbde3e-photo-1549479047-7af9b52e5bc2 1 0.987851 0.389839 0.024298 0.107452 0.00111643
bcdbde3e-photo-1549479047-7af9b52e5bc2 2 0.432133 0.726229 0.27355 0.384734 0.00113901
bcdbde3e-photo-1549479047-7af9b52e5bc2 1 0.575435 0.209808 0.0945911 0.108584 0.0011585
bcdbde3e-photo-1549479047-7af9b52e5bc2 1 0.993055 0.322062 0.0138909 0.200663 0.00117938
bcdbde3e-photo-1549479047-7af9b52e5bc2 0 0.0367223 0.372809 0.0728714 0.107111 0.00141727
bcdbde3e-photo-1549479047-7af9b52e5bc2 0 0.0732893 0.377386 0.145761 0.123533 0.00157631
bcdbde3e-photo-1549479047-7af9b52e5bc2 1 0.7587 0.44265 0.278019 0.28019 0.00169656
bcdbde3e-photo-1549479047-7af9b52e5bc2 1 0.934754 0.398542 0.130492 0.0988436 0.00197683
bcdbde3e-photo-1549479047-7af9b52e5bc2 0 0.0749081 0.354061 0.142387 0.0738722 0.00211798
bcdbde3e-photo-1549479047-7af9b52e5bc2 1 0.987299 0.336723 0.0254021 0.208666 0.0030681
bcdbde3e-photo-1549479047-7af9b52e5bc2 1 0.987535 0.503167 0.0249308 0.312585 0.00318125
bcdbde3e-photo-1549479047-7af9b52e5bc2 1 0.974961 0.350726 0.0497498 0.267269 0.00482934
bcdbde3e-photo-1549479047-7af9b52e5bc2 1 0.424544 0.724899 0.257759 0.390597 0.00603171
bcdbde3e-photo-1549479047-7af9b52e5bc2 0 0.168197 0.414089 0.157679 0.138571 0.00606712
bcdbde3e-photo-1549479047-7af9b52e5bc2 0 0.138267 0.392692 0.220934 0.180459 0.0229136
bcdbde3e-photo-1549479047-7af9b52e5bc2 1 0.374533 0.725599 0.154104 0.389885 0.0499861
bcdbde3e-photo-1549479047-7af9b52e5bc2 1 0.583997 0.243994 0.105172 0.169245 0.0524898
bcdbde3e-photo-1549479047-7af9b52e5bc2 1 0.915592 0.377182 0.168607 0.126855 0.0699656
bcdbde3e-photo-1549479047-7af9b52e5bc2 0 0.372482 0.725309 0.151781 0.387978 0.0838479
bcdbde3e-photo-1549479047-7af9b52e5bc2 1 0.15617 0.393913 0.185266 0.178943 0.105018
bcdbde3e-photo-1549479047-7af9b52e5bc2 0 0.601982 0.604433 0.16648 0.133817 0.154872
bcdbde3e-photo-1549479047-7af9b52e5bc2 1 0.706634 0.742968 0.356718 0.201991 0.196586
bcdbde3e-photo-1549479047-7af9b52e5bc2 1 0.914914 0.330115 0.168775 0.21642 0.591004
bcdbde3e-photo-1549479047-7af9b52e5bc2 1 0.516762 0.373911 0.239218 0.270724 0.908733
bcdbde3e-photo-1549479047-7af9b52e5bc2 0 0.385582 0.301842 0.126805 0.234306 0.919431
bcdbde3e-photo-1549479047-7af9b52e5bc2 0 0.185744 0.208742 0.132947 0.217036 0.936373
c4b64774-photo-1584991934159-00e3771243c3 1 0.749841 0.675415 0.500319 0.638674 0.00176024
c4b64774-photo-1584991934159-00e3771243c3 1 0.502156 0.674899 0.995688 0.648214 0.272914
c4b64774-photo-1584991934159-00e3771243c3 1 0.677737 0.494902 0.305449 0.271586 0.890935
c4b64774-photo-1584991934159-00e3771243c3 1 0.394179 0.48909 0.362705 0.274384 0.962713
c75ba6c6-photo-1593720440805-c637694b4ea8 1 0.656496 0.48822 0.245884 0.353928 0.0017322
c75ba6c6-photo-1593720440805-c637694b4ea8 1 0.420349 0.510446 0.697924 0.404628 0.948991
c7afe0e2-photo-1525535136511-e730793ef1a5 1 0.525605 0.69166 0.238334 0.345382 0.929921
c9de2d64-photo-1534695941753-73cf13435eb4 2 0.12749 0.871267 0.254981 0.254971 0.00237825
c9de2d64-photo-1534695941753-73cf13435eb4 1 0.309938 0.553425 0.37929 0.652517 0.003193
c9de2d64-photo-1534695941753-73cf13435eb4 1 0.557173 0.554914 0.885655 0.665878 0.951738
e460nx 2 0.703404 0.340887 0.350413 0.277202 0.00332152
e460nx 2 0.663153 0.423283 0.42656 0.459055 0.00767663
e460nx 2 0.695826 0.573464 0.372031 0.743731 0.0722818
e460nx 2 0.488991 0.49182 0.764046 0.64277 0.959484
ebrj9c 2 0.479763 0.68757 0.399785 0.57786 0.00260506
ebrj9c 2 0.473954 0.69036 0.410825 0.61928 0.00457075
ebrj9c 2 0.362996 0.685594 0.641467 0.628812 0.00816686
ebrj9c 2 0.215294 0.591262 0.341371 0.316974 0.0410073
ebrj9c 2 0.356434 0.653789 0.645987 0.58711 0.636764
ebrj9c 2 0.802213 0.51238 0.391175 0.917723 0.94027
ebrj9m 1 0.715687 0.527248 0.100446 0.182926 0.0013978
ebrj9m 0 0.638176 0.539703 0.269987 0.215497 0.00198816
ebrj9m 2 0.364518 0.262729 0.144227 0.503352 0.0040556
ebrj9m 2 0.0372313 0.261253 0.0719231 0.522507 0.00422086
ebrj9m 0 0.175463 0.40608 0.350926 0.466149 0.00428191
ebrj9m 2 0.235285 0.384313 0.463753 0.558162 0.0128265
ebrj9m 0 0.305748 0.339419 0.266897 0.347713 0.0142031
ebrj9m 2 0.334671 0.314825 0.203595 0.400616 0.0592658
ebrj9m 2 0.650343 0.34308 0.437657 0.589662 0.185005
ebrj9m 0 0.648829 0.337822 0.435537 0.602352 0.284958
ebrj9m 0 0.254524 0.367961 0.509047 0.578801 0.285994
ebrj9m 1 0.648118 0.338752 0.436145 0.606411 0.523845
em49w6 2 0.0364733 0.540599 0.0729467 0.665025 0.00143467
em49w6 2 0.700661 0.495679 0.469435 0.667042 0.949873
em4ad3 2 0.0341287 0.527236 0.0682573 0.679487 0.0019084
em4ad3 2 0.50907 0.0892992 0.282453 0.177621 0.00200802
em4ad3 0 0.633482 0.0925195 0.400459 0.185039 0.00318225
em4ad3 2 0.507859 0.341789 0.267493 0.371343 0.00334418
em4ad3 0 0.946902 0.107867 0.105578 0.215734 0.00380983
em4ad3 2 0.5267 0.466384 0.328447 0.639024 0.00652326
em4ad3 0 0.685155 0.103845 0.62969 0.197757 0.010302
em4ad3 0 0.892484 0.109344 0.212158 0.217726 0.0120925
em4ad3 0 0.168343 0.0803707 0.336659 0.160741 0.024394
em4ad3 0 0.799503 0.112715 0.399711 0.219635 0.157665
em4ad3 2 0.612622 0.523838 0.326676 0.529887 0.906465
ercn9c 0 0.530506 0.495291 0.518828 0.34374 0.0011146
ercn9c 0 0.639831 0.589481 0.710906 0.699823 0.212832
ercn9c 2 0.6398 0.592057 0.71496 0.699558 0.662024
f3c042 1 0.498233 0.302046 0.230506 0.492779 0.00113842
f3c042 1 0.188927 0.642916 0.377854 0.267698 0.00116539
f3c042 1 0.599614 0.294562 0.436247 0.480253 0.00127701
f3c042 1 0.499203 0.205806 0.228511 0.297331 0.00259057
f3c042 0 0.388489 0.412678 0.410751 0.68558 0.00527968
f3c042 1 0.686211 0.478341 0.606712 0.855467 0.0633896
f3c042 0 0.68945 0.482399 0.60037 0.845733 0.390735
f3c042 0 0.528519 0.486587 0.693458 0.83878 0.887722
f3c043 2 0.545089 0.48077 0.477054 0.557896 0.00130141
f3c043 2 0.678496 0.463008 0.558332 0.590168 0.954068
f3c048 2 0.650847 0.634983 0.528214 0.730033 0.00120622
f3c048 2 0.580158 0.563667 0.381417 0.583451 0.932939
f3c049 2 0.947501 0.309555 0.101451 0.619111 0.00123496
f3c049 2 0.940812 0.422534 0.118376 0.835715 0.00457743
f3c049 2 0.52631 0.565913 0.410084 0.373285 0.00809744
f3c049 2 0.587626 0.633967 0.532852 0.503063 0.549859
f41gc8 0 0.334176 0.444954 0.480479 0.537692 0.00285539
f41gc8 2 0.56967 0.493965 0.747579 0.607187 0.909678
f41nhw 2 0.27155 0.670335 0.488626 0.659329 0.0011893
f41nhw 1 0.598459 0.726431 0.257549 0.268268 0.00129853
f41nhw 2 0.578932 0.75118 0.22008 0.219457 0.00219926
f41nhw 2 0.59457 0.0479791 0.265674 0.0954617 0.00235364
f41nhw 2 0.221379 0.0294287 0.288595 0.0573258 0.00252286
f41nhw 0 0.478089 0.521148 0.075333 0.220466 0.00265234
f41nhw 2 0.840601 0.71152 0.30406 0.321727 0.00304293
f41nhw 1 0.786717 0.810844 0.121195 0.121893 0.00356479
f41nhw 1 0.681309 0.725873 0.448468 0.279837 0.00439429
f41nhw 2 0.522639 0.0522978 0.143837 0.104596 0.00457937
f41nhw 2 0.629505 0.637284 0.330547 0.400357 0.00476906
f41nhw 0 0.418665 0.562883 0.195425 0.295099 0.0105298
f41nhw 2 0.568667 0.0452475 0.147165 0.0901494 0.014094
f41nhw 2 0.489344 0.048969 0.336611 0.097938 0.0192961
f41nhw 0 0.702287 0.542777 0.180492 0.202342 0.0633332
f41nhw 2 0.64789 0.560032 0.294709 0.241094 0.0810123
f41nhw 2 0.731848 0.714163 0.526998 0.309105 0.152674
f41nhw 2 0.699804 0.543893 0.185045 0.206237 0.18232
f41nhw 2 0.419807 0.574506 0.193219 0.322653 0.33038
f41nhw 0 0.731928 0.676092 0.524406 0.379388 0.558124
f41nhw 2 0.15501 0.460279 0.235854 0.529317 0.951267
f4bga1 2 0.504555 0.725843 0.113196 0.181927 0.00132177
f4bga1 2 0.187591 0.221833 0.104937 0.0948579 0.00142036
f4bga1 2 0.297373 0.412235 0.214217 0.475829 0.00172219
f4bga1 2 0.480212 0.499532 0.229376 0.639127 0.00394704
f4bga1 2 0.39442 0.44225 0.246782 0.540253 0.00640464
f4bga1 2 0.193932 0.429512 0.120586 0.50653 0.0106418
f4bga1 2 0.0294051 0.394526 0.0588101 0.635348 0.0134585
f4bga1 2 0.42162 0.492889 0.377483 0.636051 0.834075
f4bga1 2 0.29428 0.48672 0.316052 0.629316 0.924692
f4bga1 2 0.550606 0.496445 0.332873 0.63043 0.953389
f4bga1 2 0.802557 0.463722 0.356581 0.638938 0.953987
f7tpyx 2 0.62488 0.351609 0.11106 0.154666 0.00100764
f7tpyx 2 0.748804 0.386871 0.0529778 0.115608 0.00103282
f7tpyx 2 0.698343 0.353825 0.0576879 0.11764 0.00116983
f7tpyx 2 0.809566 0.417128 0.0992918 0.266315 0.00126854
f7tpyx 2 0.669098 0.340229 0.105507 0.142331 0.00158744
f7tpyx 2 0.765424 0.416084 0.12309 0.263095 0.00177335
f7tpyx 2 0.803964 0.347923 0.0650581 0.119838 0.00182316
f7tpyx 2 0.740688 0.357856 0.075856 0.14037 0.00207521
f7tpyx 2 0.0361534 0.427415 0.0723067 0.722004 0.00360705
f7tpyx 2 0.61476 0.530491 0.289734 0.486477 0.00443045
f7tpyx 2 0.724225 0.539774 0.244703 0.488623 0.0561248
f7tpyx 2 0.704163 0.514242 0.137342 0.451373 0.0627149
f7tpyx 2 0.692103 0.404114 0.141822 0.25823 0.106677
f7tpyx 2 0.732776 0.418817 0.0800438 0.256291 0.314301
f7tpyx 2 0.874931 0.505301 0.183584 0.451003 0.719529
f7tpyx 2 0.672334 0.556385 0.193859 0.459956 0.737577
f7tpyx 2 0.809485 0.518543 0.218645 0.46921 0.775657
f7tpyx 2 0.55692 0.500272 0.169373 0.446355 0.811594
f7tpyx 2 0.420301 0.519192 0.316551 0.508529 0.939655
f7tr1k 2 0.781105 0.293279 0.0772984 0.151536 0.00100082
f7tr1k 2 0.0333232 0.575565 0.0666464 0.642924 0.00121001
f7tr1k 2 0.811521 0.368133 0.13306 0.308692 0.0012702
f7tr1k 2 0.770297 0.254557 0.0555078 0.151587 0.0013423
f7tr1k 2 0.769152 0.26211 0.0479015 0.0773559 0.00138511
f7tr1k 2 0.569358 0.470754 0.384933 0.511619 0.00140249
f7tr1k 2 0.480138 0.343387 0.21756 0.240258 0.00140515
f7tr1k 2 0.0244335 0.55535 0.048867 0.209501 0.00149145
f7tr1k 2 0.019699 0.601998 0.039398 0.137415 0.00234171
f7tr1k 2 0.564801 0.377226 0.126093 0.313312 0.0037741
f7tr1k 2 0.592931 0.455721 0.183297 0.478987 0.00418882
f7tr1k 2 0.547135 0.336196 0.0894639 0.229315 0.00492737
f7tr1k 2 0.483737 0.456053 0.221657 0.466082 0.016889
f7tr1k 2 0.0326628 0.372297 0.0653256 0.60507 0.0182447
f7tr1k 2 0.842602 0.433526 0.206525 0.429304 0.848197
f7tr1k 2 0.667152 0.462749 0.262135 0.494968 0.876978
f7tr1k 2 0.24787 0.495663 0.266559 0.522446 0.889104
f7tr1k 2 0.766644 0.399455 0.190541 0.420183 0.906575
f7tr1k 2 0.43799 0.511103 0.314502 0.555889 0.931472
