28006992-photo-1600329654155-9a798a51c5ce 0 0.827037 0.946917 0.345926 0.106165 0.001004
28006992-photo-1600329654155-9a798a51c5ce 0 0.836759 0.112534 0.326481 0.225068 0.00132407
28006992-photo-1600329654155-9a798a51c5ce 0 0.676081 0.0491944 0.473066 0.0969344 0.00133317
28006992-photo-1600329654155-9a798a51c5ce 0 0.716632 0.984369 0.204065 0.0312624 0.0014031
28006992-photo-1600329654155-9a798a51c5ce 0 0.577946 0.508801 0.434842 0.459792 0.00144445
28006992-photo-1600329654155-9a798a51c5ce 0 0.467687 0.901911 0.712219 0.196179 0.00153598
28006992-photo-1600329654155-9a798a51c5ce 0 0.592379 0.978372 0.232989 0.0432561 0.00157115
28006992-photo-1600329654155-9a798a51c5ce 0 0.862869 0.16649 0.274263 0.33298 0.00161633
28006992-photo-1600329654155-9a798a51c5ce 0 0.530915 0.153432 0.836153 0.285123 0.00189637
28006992-photo-1600329654155-9a798a51c5ce 0 0.854166 0.918911 0.291669 0.162178 0.00214101
28006992-photo-1600329654155-9a798a51c5ce 0 0.49772 0.0465572 0.738434 0.0883009 0.00290073
28006992-photo-1600329654155-9a798a51c5ce 0 0.14215 0.96973 0.2843 0.0605404 0.0050199
28006992-photo-1600329654155-9a798a51c5ce 0 0.327461 0.966833 0.22632 0.066333 0.0117689
28006992-photo-1600329654155-9a798a51c5ce 0 0.455063 0.410654 0.673765 0.648194 0.954185
29058544-photo-1595672234107-dbc792655abf 1 0.57635 0.323692 0.393903 0.336298 0.00102835
29058544-photo-1595672234107-dbc792655abf 1 0.651113 0.39531 0.519933 0.67391 0.00108076
29058544-photo-1595672234107-dbc792655abf 2 0.935327 0.489014 0.129346 0.954731 0.00181305
29058544-photo-1595672234107-dbc792655abf 1 0.515708 0.35037 0.265754 0.292256 0.0019654
29058544-photo-1595672234107-dbc792655abf 2 0.071091 0.461632 0.141738 0.923263 0.00201708
29058544-photo-1595672234107-dbc792655abf 1 0.889804 0.496455 0.220393 0.957242 0.00303832
29058544-photo-1595672234107-dbc792655abf 2 0.136803 0.467352 0.273606 0.906441 0.0035897
29058544-photo-1595672234107-dbc792655abf 1 0.712942 0.282916 0.571454 0.555873 0.00385628
29058544-photo-1595672234107-dbc792655abf 2 0.0301734 0.505109 0.0596492 0.875256 0.00403019
29058544-photo-1595672234107-dbc792655abf 1 0.528759 0.614652 0.183232 0.244907 0.0523567
29058544-photo-1595672234107-dbc792655abf 1 0.523642 0.435392 0.700754 0.600437 0.873664
308074031-480px 2 0.671505 0.0525607 0.516264 0.0998527 0.00102053
308074031-480px 2 0.82745 0.0979252 0.3451 0.194965 0.00112364
308074031-480px 1 0.625507 0.0512258 0.577352 0.0979802 0.00114077
308074031-480px 2 0.126672 0.499901 0.253344 0.96998 0.00118989
308074031-480px 0 0.938915 0.43525 0.122171 0.824252 0.0012207
308074031-480px 2 0.856244 0.163009 0.287511 0.326018 0.00126369
308074031-480px 1 0.246064 0.0517696 0.492128 0.101188 0.00165865
308074031-480px 2 0.0253446 0.504609 0.0503702 0.954822 0.00271866
308074031-480px 2 0.965583 0.450642 0.0688337 0.817245 0.00362505
308074031-480px 2 0.967376 0.591328 0.0652487 0.476659 0.00783496
308074031-480px 1 0.610833 0.487067 0.585288 0.827937 0.957047
41018371-photo-1534627760265-69713192ade4 2 0.0892883 0.569517 0.178577 0.815014 0.00121501
41018371-photo-1534627760265-69713192ade4 2 0.0366306 0.660228 0.0725198 0.679544 0.00131404
41018371-photo-1534627760265-69713192ade4 2 0.950201 0.44529 0.0995986 0.657852 0.00227095
41018371-photo-1534627760265-69713192ade4 0 0.513701 0.490497 0.475341 0.425382 0.00254156
41018371-photo-1534627760265-69713192ade4 2 0.0285145 0.545951 0.0556418 0.856168 0.0279549
41018371-photo-1534627760265-69713192ade4 0 0.676821 0.483816 0.234184 0.403455 0.929261
41018371-photo-1534627760265-69713192ade4 0 0.434408 0.528346 0.381508 0.450558 0.95803
51931452-photo-1604761628391-e125981dcb3d 1 0.53863 0.669373 0.468124 0.645359 0.00251628
51931452-photo-1604761628391-e125981dcb3d 1 0.382305 0.521313 0.764609 0.346494 0.01296
51931452-photo-1604761628391-e125981dcb3d 1 0.384837 0.672692 0.76325 0.654617 0.937034
76912066-photo-1586276632510-a680c3db9a10 0 0.482913 0.99528 0.214212 0.00944046 0.00107671
76912066-photo-1586276632510-a680c3db9a10 0 0.724956 0.462563 0.486652 0.248117 0.00112402
76912066-photo-1586276632510-a680c3db9a10 0 0.447055 0.456005 0.885959 0.91201 0.0015278
76912066-photo-1586276632510-a680c3db9a10 0 0.625461 0.444229 0.294229 0.207125 0.83107
a0dcfb43-photo-1549216580-cdaa97339899 2 0.460534 0.0390433 0.737125 0.0755111 0.00101268
a0dcfb43-photo-1549216580-cdaa97339899 0 0.435889 0.973289 0.847465 0.0534216 0.00109504
a0dcfb43-photo-1549216580-cdaa97339899 0 0.495429 0.0405549 0.817792 0.0784628 0.00144516
a0dcfb43-photo-1549216580-cdaa97339899 1 0.207743 0.941787 0.343496 0.116426 0.00202241
a0dcfb43-photo-1549216580-cdaa97339899 1 0.301342 0.934641 0.553995 0.129311 0.00210696
a0dcfb43-photo-1549216580-cdaa97339899 1 0.429022 0.967986 0.416801 0.064028 0.00225534
a0dcfb43-photo-1549216580-cdaa97339899 1 0.53264 0.0434566 0.799383 0.0827701 0.00232581
a0dcfb43-photo-1549216580-cdaa97339899 1 0.478424 0.44063 0.895201 0.878219 0.00234576
a0dcfb43-photo-1549216580-cdaa97339899 1 0.226554 0.970108 0.247777 0.0589368 0.00242375
a0dcfb43-photo-1549216580-cdaa97339899 1 0.510402 0.278079 0.903686 0.556159 0.00522298
a0dcfb43-photo-1549216580-cdaa97339899 0 0.411488 0.968392 0.415464 0.063216 0.00606791
a0dcfb43-photo-1549216580-cdaa97339899 1 0.246631 0.969221 0.445759 0.0614185 0.0191076
a0dcfb43-photo-1549216580-cdaa97339899 1 0.649934 0.575655 0.620907 0.413376 0.956637
a15ec123-image_9 2 0.905224 0.288801 0.189553 0.577601 0.00103508
a15ec123-image_9 2 0.864518 0.210613 0.270964 0.421226 0.00112659
a15ec123-image_9 2 0.608816 0.0423403 0.534406 0.0846806 0.00154688
a15ec123-image_9 0 0.364062 0.539555 0.52559 0.691393 0.843071
a1f6b1c9-photo-1531512423823-672893a2b91d 0 0.0490595 0.824695 0.0955161 0.350611 0.00105365
a1f6b1c9-photo-1531512423823-672893a2b91d 0 0.0700303 0.871884 0.139242 0.256232 0.00110314
a1f6b1c9-photo-1531512423823-672893a2b91d 0 0.450242 0.128201 0.900485 0.256402 0.0011191
a1f6b1c9-photo-1531512423823-672893a2b91d 0 0.42594 0.58406 0.85188 0.517102 0.00115832
a1f6b1c9-photo-1531512423823-672893a2b91d 2 0.0263753 0.363995 0.0510815 0.718938 0.00198369
a1f6b1c9-photo-1531512423823-672893a2b91d 0 0.446667 0.682721 0.128962 0.128561 0.00208986
a1f6b1c9-photo-1531512423823-672893a2b91d 0 0.428469 0.691173 0.856939 0.617653 0.00296163
a1f6b1c9-photo-1531512423823-672893a2b91d 0 0.618025 0.610213 0.481373 0.353887 0.884288
a2723d1e-image_20 0 0.576551 0.599128 0.397455 0.518858 0.00110361
a2723d1e-image_20 0 0.408266 0.46455 0.697799 0.305327 0.00133603
a2723d1e-image_20 1 0.984344 0.432854 0.031311 0.628833 0.00137481
a2723d1e-image_20 1 0.0246117 0.378522 0.048645 0.669293 0.00307318
a2723d1e-image_20 0 0.415501 0.594135 0.707435 0.560199 0.766752
a408e8ce-photo-1551254539-1e77a07f02ff 2 0.120359 0.0912505 0.240719 0.182501 0.00103886
a408e8ce-photo-1551254539-1e77a07f02ff 1 0.193721 0.999932 0.201632 0.000135417 0.00114214
a408e8ce-photo-1551254539-1e77a07f02ff 1 0.45805 0.999731 0.157768 0.000537297 0.00132543
a408e8ce-photo-1551254539-1e77a07f02ff 1 0.339198 0.999695 0.166994 0.000610508 0.0013593
a408e8ce-photo-1551254539-1e77a07f02ff 1 0.788882 0.999622 0.147247 0.000756461 0.00140402
a408e8ce-photo-1551254539-1e77a07f02ff 0 0.136979 1 0.229856 0 0.00156384
a408e8ce-photo-1551254539-1e77a07f02ff 1 0.287999 0.999659 0.155202 0.00068208 0.00215368
a408e8ce-photo-1551254539-1e77a07f02ff 1 0.63991 1 0.138151 0 0.00215689
a408e8ce-photo-1551254539-1e77a07f02ff 1 0.39112 0.999733 0.155415 0.000533628 0.00221641
a408e8ce-photo-1551254539-1e77a07f02ff 1 0.238196 0.999736 0.157869 0.00052715 0.00239193
a408e8ce-photo-1551254539-1e77a07f02ff 1 0.512661 0.99965 0.131788 0.000699797 0.0028148
a408e8ce-photo-1551254539-1e77a07f02ff 1 0.840647 0.99993 0.146712 0.000140412 0.00285313
a408e8ce-photo-1551254539-1e77a07f02ff 1 0.564348 0.999891 0.133234 0.000217291 0.00338011
a408e8ce-photo-1551254539-1e77a07f02ff 1 0.740014 1 0.146563 0 0.00343732
a408e8ce-photo-1551254539-1e77a07f02ff 1 0.689221 0.999962 0.145084 7.57866e-05 0.00419606
a408e8ce-photo-1551254539-1e77a07f02ff 2 0.127991 0.331699 0.254203 0.663398 0.0210813
a408e8ce-photo-1551254539-1e77a07f02ff 1 0.629263 0.46905 0.399936 0.522209 0.957523
aaadab5a-photo-1550686379-ab264a08f029 0 0.852741 0.0725093 0.294517 0.145019 0.00151199
aaadab5a-photo-1550686379-ab264a08f029 0 0.428093 0.994879 0.203367 0.0102429 0.001562
aaadab5a-photo-1550686379-ab264a08f029 0 0.761467 0.109054 0.464199 0.218109 0.00162049
aaadab5a-photo-1550686379-ab264a08f029 0 0.232933 0.898474 0.465866 0.203051 0.00185449
aaadab5a-photo-1550686379-ab264a08f029 0 0.586113 0.733965 0.189237 0.162311 0.00200426
aaadab5a-photo-1550686379-ab264a08f029 0 0.477975 0.0477599 0.627235 0.0955198 0.00216498
aaadab5a-photo-1550686379-ab264a08f029 0 0.247491 0.0508069 0.369762 0.101614 0.00257736
aaadab5a-photo-1550686379-ab264a08f029 0 0.861318 0.120965 0.274467 0.241929 0.00348713
aaadab5a-photo-1550686379-ab264a08f029 0 0.114695 0.343312 0.229391 0.686623 0.00352997
aaadab5a-photo-1550686379-ab264a08f029 0 0.672206 0.0815212 0.61503 0.163042 0.00399157
aaadab5a-photo-1550686379-ab264a08f029 0 0.567917 0.0596212 0.611326 0.119242 0.00423541
aaadab5a-photo-1550686379-ab264a08f029 0 0.494609 0.425851 0.39915 0.740693 0.0044546
aaadab5a-photo-1550686379-ab264a08f029 0 0.564222 0.688894 0.234072 0.242384 0.00465958
aaadab5a-photo-1550686379-ab264a08f029 0 0.773086 0.0490805 0.421945 0.0981611 0.00617665
aaadab5a-photo-1550686379-ab264a08f029 1 0.114136 0.168678 0.228022 0.337356 0.0110321
aaadab5a-photo-1550686379-ab264a08f029 0 0.659343 0.0451366 0.551409 0.0902732 0.0172784
aaadab5a-photo-1550686379-ab264a08f029 0 0.114662 0.174747 0.228002 0.349495 0.105972
aaadab5a-photo-1550686379-ab264a08f029 0 0.490371 0.576443 0.375644 0.453168 0.128947
aaadab5a-photo-1550686379-ab264a08f029 0 0.722165 0.0358845 0.195774 0.0717689 0.138601
aaadab5a-photo-1550686379-ab264a08f029 0 0.491369 0.680249 0.380985 0.268961 0.225411
aaadab5a-photo-1550686379-ab264a08f029 0 0.44785 0.638927 0.291941 0.293563 0.486748
aaadab5a-photo-1550686379-ab264a08f029 0 0.327463 0.486361 0.21659 0.412071 0.909901
ac031c0c-photo-1588198154890-00e74bc72f20 1 0.967106 0.162814 0.0656206 0.0770895 0.00100964
ac031c0c-photo-1588198154890-00e74bc72f20 1 0.406675 0.411482 0.141584 0.170495 0.00102187
ac031c0c-photo-1588198154890-00e74bc72f20 1 0.96713 0.117835 0.0656681 0.159084 0.00104498
ac031c0c-photo-1588198154890-00e74bc72f20 1 0.32597 0.323028 0.0726924 0.062312 0.00104719
ac031c0c-photo-1588198154890-00e74bc72f20 1 0.981233 0.216279 0.0371976 0.162249 0.00104789
ac031c0c-photo-1588198154890-00e74bc72f20 1 0.925158 0.243269 0.149684 0.127546 0.00106595
ac031c0c-photo-1588198154890-00e74bc72f20 1 0.133269 0.143612 0.156593 0.193921 0.00111286
ac031c0c-photo-1588198154890-00e74bc72f20 1 0.985916 0.242661 0.0270756 0.22306 0.00112787
ac031c0c-photo-1588198154890-00e74bc72f20 1 0.472587 0.50216 0.945174 0.995681 0.00117912
ac031c0c-photo-1588198154890-00e74bc72f20 1 0.0752726 0.792504 0.14981 0.414992 0.00128138
ac031c0c-photo-1588198154890-00e74bc72f20 1 0.238405 0.626762 0.0711991 0.0510335 0.0012973
ac031c0c-photo-1588198154890-00e74bc72f20 1 0.60536 0.405599 0.0861626 0.183396 0.00130585
ac031c0c-photo-1588198154890-00e74bc72f20 1 0.0138933 0.356459 0.0271685 0.0939065 0.00137163
ac031c0c-photo-1588198154890-00e74bc72f20 1 0.964411 0.731293 0.0707127 0.432265 0.00138717
ac031c0c-photo-1588198154890-00e74bc72f20 1 0.98746 0.121429 0.0249235 0.181525 0.0014189
ac031c0c-photo-1588198154890-00e74bc72f20 1 0.0106421 0.42803 0.0193311 0.505296 0.00142494
ac031c0c-photo-1588198154890-00e74bc72f20 1 0.246713 0.17014 0.167709 0.288248 0.00145831
ac031c0c-photo-1588198154890-00e74bc72f20 1 0.0778189 0.222305 0.15139 0.190441 0.00147602
ac031c0c-photo-1588198154890-00e74bc72f20 1 0.141692 0.0671248 0.170596 0.126951 0.0015287
ac031c0c-photo-1588198154890-00e74bc72f20 1 0.969886 0.93319 0.059916 0.0998721 0.0016804
ac031c0c-photo-1588198154890-00e74bc72f20 1 0.960612 0.564033 0.066122 0.0904233 0.00168834
ac031c0c-photo-1588198154890-00e74bc72f20 1 0.0235932 0.215234 0.0468032 0.21497 0.00171942
ac031c0c-photo-1588198154890-00e74bc72f20 1 0.100711 0.437573 0.198404 0.26978 0.00172179
ac031c0c-photo-1588198154890-00e74bc72f20 1 0.291622 0.142527 0.131456 0.239149 0.00181311
ac031c0c-photo-1588198154890-00e74bc72f20 1 0.254836 0.0536551 0.0748659 0.101959 0.0018338
ac031c0c-photo-1588198154890-00e74bc72f20 1 0.00740531 0.33915 0.0141803 0.249793 0.00185065
ac031c0c-photo-1588198154890-00e74bc72f20 0 0.976759 0.335165 0.0460483 0.259092 0.00193875
ac031c0c-photo-1588198154890-00e74bc72f20 1 0.0301491 0.54756 0.058246 0.665527 0.00198248
ac031c0c-photo-1588198154890-00e74bc72f20 1 0.302936 0.367226 0.119566 0.153115 0.00205561
ac031c0c-photo-1588198154890-00e74bc72f20 1 0.992273 0.183228 0.0153496 0.103578 0.00213662
ac031c0c-photo-1588198154890-00e74bc72f20 1 0.762927 0.376662 0.163199 0.169365 0.00218488
ac031c0c-photo-1588198154890-00e74bc72f20 1 0.948936 0.600566 0.0883896 0.159979 0.00222279
ac031c0c-photo-1588198154890-00e74bc72f20 1 0.41796 0.442694 0.123388 0.108429 0.00242971
ac031c0c-photo-1588198154890-00e74bc72f20 1 0.988808 0.207409 0.0219449 0.141996 0.00246164
ac031c0c-photo-1588198154890-00e74bc72f20 1 0.687207 0.295594 0.0848802 0.127322 0.00246216
ac031c0c-photo-1588198154890-00e74bc72f20 1 0.530399 0.414948 0.103073 0.145929 0.00247813
ac031c0c-photo-1588198154890-00e74bc72f20 1 0.21682 0.581784 0.114856 0.138312 0.00257751
ac031c0c-photo-1588198154890-00e74bc72f20 1 0.45481 0.356729 0.127713 0.136267 0.0026065
ac031c0c-photo-1588198154890-00e74bc72f20 1 0.969103 0.149945 0.0617931 0.125047 0.00268437
ac031c0c-photo-1588198154890-00e74bc72f20 1 0.224683 0.259788 0.164031 0.18116 0.00273353
ac031c0c-photo-1588198154890-00e74bc72f20 1 0.104718 0.212354 0.0960303 0.15774 0.00277949
ac031c0c-photo-1588198154890-00e74bc72f20 1 0.0594171 0.070384 0.117207 0.140768 0.00278566
ac031c0c-photo-1588198154890-00e74bc72f20 1 0.612189 0.242734 0.11914 0.0978162 0.00281194
ac031c0c-photo-1588198154890-00e74bc72f20 1 0.0160882 0.379321 0.0301879 0.382451 0.00285885
ac031c0c-photo-1588198154890-00e74bc72f20 1 0.447628 0.229422 0.154818 0.160477 0.00292319
ac031c0c-photo-1588198154890-00e74bc72f20 1 0.686472 0.505455 0.102355 0.073242 0.00301179
ac031c0c-photo-1588198154890-00e74bc72f20 1 0.563086 0.39956 0.17992 0.176744 0.00321318
ac031c0c-photo-1588198154890-00e74bc72f20 1 0.0514576 0.634932 0.10056 0.434711 0.00324442
ac031c0c-photo-1588198154890-00e74bc72f20 1 0.984758 0.143842 0.0304829 0.0738839 0.00338076
ac031c0c-photo-1588198154890-00e74bc72f20 1 0.991689 0.157568 0.0166213 0.055641 0.00352983
ac031c0c-photo-1588198154890-00e74bc72f20 1 0.0551586 0.116219 0.108214 0.232438 0.00370322
ac031c0c-photo-1588198154890-00e74bc72f20 1 0.0354513 0.156066 0.069519 0.312132 0.00423988
ac031c0c-photo-1588198154890-00e74bc72f20 1 0.185297 0.303622 0.083192 0.0878475 0.00432865
ac031c0c-photo-1588198154890-00e74bc72f20 1 0.473997 0.373668 0.144516 0.182298 0.0045436
ac031c0c-photo-1588198154890-00e74bc72f20 1 0.00673085 0.418203 0.0134617 0.180494 0.00470102
ac031c0c-photo-1588198154890-00e74bc72f20 1 0.628375 0.448107 0.134111 0.275055 0.00547774
ac031c0c-photo-1588198154890-00e74bc72f20 1 0.546157 0.21679 0.0900002 0.114735 0.00604257
ac031c0c-photo-1588198154890-00e74bc72f20 1 0.394908 0.179021 0.354517 0.302058 0.00623995
ac031c0c-photo-1588198154890-00e74bc72f20 1 0.172838 0.293103 0.0560131 0.0987427 0.00632101
ac031c0c-photo-1588198154890-00e74bc72f20 1 0.67977 0.491978 0.113199 0.161835 0.00747404
ac031c0c-photo-1588198154890-00e74bc72f20 1 0.961903 0.624885 0.0759022 0.228884 0.00747831
ac031c0c-photo-1588198154890-00e74bc72f20 1 0.977693 0.351598 0.0446131 0.228619 0.00781666
ac031c0c-photo-1588198154890-00e74bc72f20 1 0.376015 0.380412 0.218235 0.194076 0.00804094
ac031c0c-photo-1588198154890-00e74bc72f20 1 0.300585 0.0586058 0.14 0.0812161 0.0104056
ac031c0c-photo-1588198154890-00e74bc72f20 1 0.402084 0.0722182 0.108331 0.0652219 0.0112348
ac031c0c-photo-1588198154890-00e74bc72f20 1 0.194794 0.32959 0.101428 0.143906 0.0114272
ac031c0c-photo-1588198154890-00e74bc72f20 1 0.0750399 0.663337 0.149012 0.34853 0.0125052
ac031c0c-photo-1588198154890-00e74bc72f20 1 0.662713 0.462597 0.148699 0.251959 0.0128679
ac031c0c-photo-1588198154890-00e74bc72f20 1 0.21306 0.354744 0.0603487 0.0942063 0.015916
ac031c0c-photo-1588198154890-00e74bc72f20 1 0.113755 0.0870222 0.227001 0.174044 0.016083
ac031c0c-photo-1588198154890-00e74bc72f20 1 0.394999 0.117635 0.142858 0.161545 0.0172761
ac031c0c-photo-1588198154890-00e74bc72f20 1 0.350314 0.09781 0.0514292 0.133569 0.0180566
ac031c0c-photo-1588198154890-00e74bc72f20 1 0.6904 0.213709 0.0676433 0.0959603 0.0186612
ac031c0c-photo-1588198154890-00e74bc72f20 1 0.00734308 0.370795 0.0145065 0.139033 0.0201576
ac031c0c-photo-1588198154890-00e74bc72f20 1 0.135016 0.651042 0.270031 0.3054 0.0242501
ac031c0c-photo-1588198154890-00e74bc72f20 1 0.532513 0.438449 0.0880903 0.09628 0.0259957
ac031c0c-photo-1588198154890-00e74bc72f20 1 0.427058 0.0756529 0.0568424 0.0588275 0.0332542
ac031c0c-photo-1588198154890-00e74bc72f20 1 0.826282 0.585122 0.116901 0.120534 0.0419721
ac031c0c-photo-1588198154890-00e74bc72f20 1 0.0801875 0.373427 0.133592 0.135533 0.046992
ac031c0c-photo-1588198154890-00e74bc72f20 1 0.206072 0.294891 0.123052 0.0963947 0.0689672
ac031c0c-photo-1588198154890-00e74bc72f20 1 0.663731 0.526461 0.148127 0.120881 0.0779716
ac031c0c-photo-1588198154890-00e74bc72f20 1 0.0750567 0.727419 0.150113 0.205511 0.0945946
ac031c0c-photo-1588198154890-00e74bc72f20 1 0.774661 0.452735 0.080682 0.0813546 0.146249
ac031c0c-photo-1588198154890-00e74bc72f20 1 0.226458 0.335676 0.17107 0.140543 0.183135
ac031c0c-photo-1588198154890-00e74bc72f20 1 0.164617 0.0575025 0.119815 0.108739 0.316478
ac031c0c-photo-1588198154890-00e74bc72f20 1 0.434298 0.174043 0.226379 0.278356 0.487411
ac031c0c-photo-1588198154890-00e74bc72f20 1 0.110808 0.151007 0.221616 0.302015 0.491712
ac031c0c-photo-1588198154890-00e74bc72f20 1 0.635394 0.221763 0.178591 0.13868 0.727071
ac031c0c-photo-1588198154890-00e74bc72f20 1 0.848942 0.202465 0.301767 0.260042 0.740339
ac031c0c-photo-1588198154890-00e74bc72f20 0 0.662503 0.874409 0.17518 0.104823 0.929285
ada1648b-photo-1595067312884-49c3d38245c4 0 0.36661 0.640813 0.505567 0.223986 0.00100915
ada1648b-photo-1595067312884-49c3d38245c4 0 0.736744 0.113024 0.462752 0.226048 0.00101053
ada1648b-photo-1595067312884-49c3d38245c4 0 0.0680835 0.873381 0.134381 0.253237 0.00120869
ada1648b-photo-1595067312884-49c3d38245c4 0 0.616416 0.317699 0.674905 0.5573 0.00122393
ada1648b-photo-1595067312884-49c3d38245c4 0 0.579107 0.140592 0.603606 0.281184 0.00129337
ada1648b-photo-1595067312884-49c3d38245c4 0 0.307506 0.048465 0.572258 0.0969299 0.00155488
ada1648b-photo-1595067312884-49c3d38245c4 0 0.159533 0.287264 0.281729 0.293622 0.00192035
ada1648b-photo-1595067312884-49c3d38245c4 0 0.316188 0.211409 0.613947 0.422818 0.00207054
ada1648b-photo-1595067312884-49c3d38245c4 0 0.822343 0.259573 0.354432 0.519146 0.00208424
ada1648b-photo-1595067312884-49c3d38245c4 0 0.263201 0.622359 0.295262 0.224921 0.00258838
ada1648b-photo-1595067312884-49c3d38245c4 0 0.567249 0.0572199 0.544355 0.11444 0.00306355
ada1648b-photo-1595067312884-49c3d38245c4 0 0.731597 0.0573058 0.459471 0.114612 0.00350921
ada1648b-photo-1595067312884-49c3d38245c4 0 0.70935 0.538491 0.473026 0.551413 0.0039941
ada1648b-photo-1595067312884-49c3d38245c4 0 0.827344 0.0667518 0.345312 0.133504 0.00629811
ada1648b-photo-1595067312884-49c3d38245c4 0 0.824383 0.140867 0.349069 0.281735 0.0105535
ada1648b-photo-1595067312884-49c3d38245c4 0 0.71298 0.429618 0.464318 0.307012 0.691423
ada1648b-photo-1595067312884-49c3d38245c4 0 0.380739 0.573399 0.5292 0.363299 0.86664
ada1648b-photo-1595067312884-49c3d38245c4 0 0.304648 0.287359 0.568138 0.312157 0.949566
ada315c6-photo-1558206356-8cd5d80de0de 1 0.984672 0.909283 0.030621 0.158336 0.00134819
ada315c6-photo-1558206356-8cd5d80de0de 0 0.104632 0.0789822 0.209264 0.157964 0.00200977
ada315c6-photo-1558206356-8cd5d80de0de 0 0.437044 0.0543057 0.839712 0.108611 0.00324978
ada315c6-photo-1558206356-8cd5d80de0de 0 0.463738 0.497709 0.927477 0.995419 0.00472682
ada315c6-photo-1558206356-8cd5d80de0de 0 0.466209 0.251613 0.926283 0.503227 0.00543337
ada315c6-photo-1558206356-8cd5d80de0de 2 0.742505 0.537115 0.242213 0.341278 0.00798743
ada315c6-photo-1558206356-8cd5d80de0de 0 0.183781 0.267838 0.327614 0.523503 0.00880072
ada315c6-photo-1558206356-8cd5d80de0de 0 0.264067 0.374086 0.165369 0.310595 0.032532
ada315c6-photo-1558206356-8cd5d80de0de 0 0.22638 0.320777 0.242381 0.418135 0.122879
ada315c6-photo-1558206356-8cd5d80de0de 0 0.742295 0.541208 0.242611 0.343649 0.293169
ada315c6-photo-1558206356-8cd5d80de0de 0 0.681755 0.577188 0.356056 0.418734 0.531393
ada4894a-photo-1581538300037-7b2677ffee60 0 0.0337735 0.305056 0.0675469 0.606034 0.00121978
ada4894a-photo-1581538300037-7b2677ffee60 0 0.9793 0.777924 0.0410862 0.188604 0.0012655
ada4894a-photo-1581538300037-7b2677ffee60 0 0.34895 0.0546122 0.620296 0.109224 0.00142593
ada4894a-photo-1581538300037-7b2677ffee60 1 0.980357 0.652645 0.0392859 0.291882 0.00153024
ada4894a-photo-1581538300037-7b2677ffee60 1 0.978243 0.774121 0.0435137 0.217066 0.00172169
ada4894a-photo-1581538300037-7b2677ffee60 0 0.395629 0.615984 0.712044 0.656043 0.00178064
ada4894a-photo-1581538300037-7b2677ffee60 0 0.385702 0.344546 0.71282 0.6663 0.387072
ada4894a-photo-1581538300037-7b2677ffee60 0 0.39066 0.478381 0.70323 0.386924 0.799231
af0d294c-photo-1527539617617-76852f5d570b 0 0.671516 0.500163 0.288747 0.974968 0.001008
af0d294c-photo-1527539617617-76852f5d570b 2 0.50267 0.495622 0.276832 0.989445 0.00136969
af0d294c-photo-1527539617617-76852f5d570b 1 0.529251 0.0830127 0.350611 0.135974 0.00145517
af0d294c-photo-1527539617617-76852f5d570b 1 0.606798 0.83882 0.738625 0.32236 0.00176056
af0d294c-photo-1527539617617-76852f5d570b 2 0.204671 0.487817 0.409342 0.971384 0.00294426
af0d294c-photo-1527539617617-76852f5d570b 1 0.22224 0.983217 0.44448 0.0331776 0.0049592
af0d294c-photo-1527539617617-76852f5d570b 1 0.337187 0.982224 0.170877 0.0354847 0.00995594
af0d294c-photo-1527539617617-76852f5d570b 1 0.281909 0.982579 0.274588 0.0331551 0.0529973
af0d294c-photo-1527539617617-76852f5d570b 1 0.42945 0.0999307 0.14594 0.0945964 0.847242
b141c104-image_16 0 0.0878605 0.900507 0.175721 0.198985 0.00100717
b141c104-image_16 2 0.795353 0.16215 0.407567 0.3243 0.00104933
b141c104-image_16 0 0.331954 0.590516 0.444108 0.812906 0.00105825
b141c104-image_16 0 0.374468 0.803279 0.747619 0.393443 0.00119046
b141c104-image_16 0 0.348924 0.87141 0.697849 0.25718 0.00122998
b141c104-image_16 2 0.911011 0.344351 0.177978 0.688703 0.00124878
b141c104-image_16 0 0.169873 0.930789 0.339746 0.138423 0.00138207
b141c104-image_16 0 0.621839 0.851104 0.725406 0.297791 0.00166634
b141c104-image_16 0 0.195758 0.884301 0.391516 0.231398 0.00221301
b141c104-image_16 2 0.636243 0.054096 0.644837 0.106647 0.00252735
b141c104-image_16 2 0.842725 0.3026 0.314549 0.604608 0.00285863
b141c104-image_16 1 0.962379 0.754476 0.0752427 0.363496 0.00308731
b141c104-image_16 0 0.402654 0.0516394 0.745917 0.101499 0.00400749
b141c104-image_16 0 0.836218 0.765607 0.279277 0.276097 0.00428682
b141c104-image_16 0 0.450928 0.630091 0.762278 0.739818 0.00460182
b141c104-image_16 0 0.615233 0.73885 0.723019 0.398333 0.0107235
b141c104-image_16 0 0.535765 0.564229 0.879559 0.762648 0.528103
b1d70248-photo-1579444798661-ce60beaa0413 2 0.126591 0.616332 0.253181 0.728241 0.00115315
b1d70248-photo-1579444798661-ce60beaa0413 0 0.536162 0.977358 0.482294 0.0452148 0.00121353
b1d70248-photo-1579444798661-ce60beaa0413 0 0.360047 0.942106 0.720093 0.115788 0.001236
b1d70248-photo-1579444798661-ce60beaa0413 2 0.0331593 0.394913 0.0659365 0.739496 0.00140727
b1d70248-photo-1579444798661-ce60beaa0413 0 0.856037 0.588721 0.287925 0.609611 0.00140869
b1d70248-photo-1579444798661-ce60beaa0413 0 0.538497 0.341558 0.82317 0.329651 0.00197319
b1d70248-photo-1579444798661-ce60beaa0413 2 0.0383657 0.732657 0.0763359 0.534686 0.00335688
b1d70248-photo-1579444798661-ce60beaa0413 2 0.141479 0.827899 0.282958 0.344202 0.00336689
b1d70248-photo-1579444798661-ce60beaa0413 0 0.674127 0.0320085 0.651201 0.0608461 0.0039981
b1d70248-photo-1579444798661-ce60beaa0413 0 0.504919 0.876621 0.990162 0.246758 0.00505695
b1d70248-photo-1579444798661-ce60beaa0413 2 0.0644557 0.787933 0.128911 0.424134 0.00520772
b1d70248-photo-1579444798661-ce60beaa0413 0 0.558086 0.327295 0.87091 0.650799 0.00844171
b1d70248-photo-1579444798661-ce60beaa0413 0 0.508197 0.952981 0.969627 0.0936394 0.0126743
b1d70248-photo-1579444798661-ce60beaa0413 0 0.522961 0.12364 0.941409 0.24728 0.0141841
b1d70248-photo-1579444798661-ce60beaa0413 2 0.0349559 0.582634 0.068794 0.791774 0.0164216
b1d70248-photo-1579444798661-ce60beaa0413 0 0.531057 0.0380886 0.931216 0.0715912 0.0593228
b1d70248-photo-1579444798661-ce60beaa0413 2 0.494004 0.594077 0.740869 0.811846 0.0798994
b1d70248-photo-1579444798661-ce60beaa0413 0 0.497276 0.594345 0.731404 0.81131 0.0931339
b1d70248-photo-1579444798661-ce60beaa0413 0 0.616808 0.461937 0.499343 0.432399 0.134986
b1d70248-photo-1579444798661-ce60beaa0413 0 0.500007 0.43229 0.72741 0.484569 0.644373
b2f8ee01-photo-1604082668185-e8a2d4f6cc99 1 0.5627 0.402435 0.873307 0.802367 0.00143015
b2f8ee01-photo-1604082668185-e8a2d4f6cc99 0 0.475664 0.0410125 0.72326 0.0785979 0.00367143
b2f8ee01-photo-1604082668185-e8a2d4f6cc99 1 0.522697 0.561653 0.33219 0.27078 0.960588
b60f9c21-photo-1586276633990-fb6092e2de01 1 0.978939 0.931361 0.0421223 0.137279 0.00137183
b60f9c21-photo-1586276633990-fb6092e2de01 1 0.992763 0.789895 0.013855 0.133081 0.00152779
b60f9c21-photo-1586276633990-fb6092e2de01 0 0.980874 0.900642 0.0379147 0.159565 0.00164761
b60f9c21-photo-1586276633990-fb6092e2de01 1 0.9894 0.781506 0.0212 0.128818 0.00280773
b60f9c21-photo-1586276633990-fb6092e2de01 1 0.98033 0.89975 0.0389078 0.167085 0.00338871
b60f9c21-photo-1586276633990-fb6092e2de01 0 0.68167 0.897264 0.63666 0.205473 0.00475697
b60f9c21-photo-1586276633990-fb6092e2de01 0 0.487438 0.460628 0.188408 0.621173 0.86243
b8266ef5-photo-1560190929-c3a0e7db1d7d 1 0.0818866 0.879336 0.163744 0.223105 0.00106184
b8266ef5-photo-1560190929-c3a0e7db1d7d 1 0.734564 0.0826424 0.104863 0.162805 0.00106942
b8266ef5-photo-1560190929-c3a0e7db1d7d 1 0.878895 0.384474 0.24221 0.747334 0.00115682
b8266ef5-photo-1560190929-c3a0e7db1d7d 1 0.609246 0.984853 0.0945582 0.0302939 0.00122536
b8266ef5-photo-1560190929-c3a0e7db1d7d 1 0.627032 0.0467981 0.509421 0.0882989 0.00127123
b8266ef5-photo-1560190929-c3a0e7db1d7d 1 0.52818 0.983064 0.110787 0.0338713 0.00127798
b8266ef5-photo-1560190929-c3a0e7db1d7d 2 0.847489 0.158956 0.305023 0.317252 0.00130504
b8266ef5-photo-1560190929-c3a0e7db1d7d 1 0.727843 0.390276 0.502469 0.716163 0.00147899
b8266ef5-photo-1560190929-c3a0e7db1d7d 1 0.864107 0.192399 0.271786 0.384798 0.00156069
b8266ef5-photo-1560190929-c3a0e7db1d7d 1 0.284792 0.0470627 0.484086 0.0912782 0.00164154
b8266ef5-photo-1560190929-c3a0e7db1d7d 1 0.346042 0.981295 0.208812 0.0374103 0.00170116
b8266ef5-photo-1560190929-c3a0e7db1d7d 1 0.0266759 0.520039 0.0533517 0.923149 0.00206334
b8266ef5-photo-1560190929-c3a0e7db1d7d 1 0.566012 0.984232 0.0988036 0.0315362 0.00209495
b8266ef5-photo-1560190929-c3a0e7db1d7d 1 0.742459 0.98282 0.186379 0.0343597 0.0026517
b8266ef5-photo-1560190929-c3a0e7db1d7d 1 0.497646 0.981968 0.119947 0.0360645 0.00270572
b8266ef5-photo-1560190929-c3a0e7db1d7d 1 0.637868 0.982996 0.107808 0.0340071 0.00283947
b8266ef5-photo-1560190929-c3a0e7db1d7d 1 0.676725 0.503581 0.530797 0.514784 0.00305665
b8266ef5-photo-1560190929-c3a0e7db1d7d 1 0.133061 0.890529 0.266122 0.216113 0.00353479
b8266ef5-photo-1560190929-c3a0e7db1d7d 1 0.691003 0.983139 0.139279 0.0337229 0.00479618
b8266ef5-photo-1560190929-c3a0e7db1d7d 1 0.389754 0.982916 0.115643 0.034169 0.0156855
b8266ef5-photo-1560190929-c3a0e7db1d7d 1 0.402464 0.47977 0.25929 0.559356 0.880985
b8266ef5-photo-1560190929-c3a0e7db1d7d 1 0.54016 0.508786 0.241164 0.515142 0.911615
b86ddbbb-photo-1581074429373-ccb7e514d54b 0 0.857448 0.76959 0.285105 0.460819 0.00112907
b86ddbbb-photo-1581074429373-ccb7e514d54b 1 0.880488 0.950579 0.239024 0.0988429 0.00113246
b86ddbbb-photo-1581074429373-ccb7e514d54b 0 0.810644 0.167178 0.378713 0.334357 0.00139648
b86ddbbb-photo-1581074429373-ccb7e514d54b 0 0.661023 0.855643 0.677954 0.288713 0.00151791
b86ddbbb-photo-1581074429373-ccb7e514d54b 0 0.545441 0.466835 0.907866 0.854065 0.0015758
b86ddbbb-photo-1581074429373-ccb7e514d54b 0 0.0303377 0.503905 0.0606754 0.726097 0.00182456
b86ddbbb-photo-1581074429373-ccb7e514d54b 0 0.852861 0.256805 0.294279 0.506642 0.00184631
b86ddbbb-photo-1581074429373-ccb7e514d54b 0 0.0321467 0.655822 0.0636614 0.688355 0.00204901
b86ddbbb-photo-1581074429373-ccb7e514d54b 0 0.761849 0.812838 0.475953 0.374323 0.0023727
b86ddbbb-photo-1581074429373-ccb7e514d54b 0 0.562463 0.682244 0.87266 0.635512 0.00283995
b86ddbbb-photo-1581074429373-ccb7e514d54b 0 0.236615 0.691994 0.473229 0.616012 0.951726
baa24d78-photo-1583860247580-e492d2b9186d 2 0.446116 0.489031 0.698151 0.692388 0.00122064
baa24d78-photo-1583860247580-e492d2b9186d 2 0.0255902 0.496534 0.05065 0.863587 0.00140253
baa24d78-photo-1583860247580-e492d2b9186d 2 0.0381215 0.430802 0.0758882 0.83362 0.00176247
baa24d78-photo-1583860247580-e492d2b9186d 2 0.943828 0.531159 0.112344 0.811095 0.00183935
baa24d78-photo-1583860247580-e492d2b9186d 2 0.144855 0.360739 0.28971 0.695019 0.00235661
baa24d78-photo-1583860247580-e492d2b9186d 2 0.641545 0.541857 0.298471 0.77798 0.00270522
baa24d78-photo-1583860247580-e492d2b9186d 1 0.443257 0.509102 0.70252 0.702152 0.804849
bad90450-photo-1562224347-aabe787839a6 1 0.442345 0.626828 0.410979 0.434741 0.0010868
bad90450-photo-1562224347-aabe787839a6 1 0.983757 0.942158 0.0324855 0.115685 0.00167413
bad90450-photo-1562224347-aabe787839a6 1 0.625456 0.599095 0.340433 0.801049 0.00243307
bad90450-photo-1562224347-aabe787839a6 1 0.175485 0.886143 0.350971 0.227714 0.00348382
bad90450-photo-1562224347-aabe787839a6 1 0.517977 0.518176 0.559772 0.668947 0.85782
bcdbde3e-photo-1549479047-7af9b52e5bc2 1 0.9824 0.305116 0.0352006 0.277188 0.00100427
bcdbde3e-photo-1549479047-7af9b52e5bc2 0 0.124825 0.172481 0.249649 0.333084 0.00117509
bcdbde3e-photo-1549479047-7af9b52e5bc2 1 0.0446207 0.785044 0.0863683 0.429912 0.00117998
bcdbde3e-photo-1549479047-7af9b52e5bc2 1 0.152224 0.903757 0.304447 0.192487 0.001667
bcdbde3e-photo-1549479047-7af9b52e5bc2 1 0.739059 0.42095 0.362187 0.323261 0.00177196
bcdbde3e-photo-1549479047-7af9b52e5bc2 0 0.754006 0.33981 0.491987 0.431998 0.001891
bcdbde3e-photo-1549479047-7af9b52e5bc2 1 0.581608 0.228453 0.123297 0.132279 0.00192921
bcdbde3e-photo-1549479047-7af9b52e5bc2 1 0.984702 0.31622 0.0305122 0.169224 0.00201594
bcdbde3e-photo-1549479047-7af9b52e5bc2 1 0.086814 0.824329 0.171165 0.351342 0.00212504
bcdbde3e-photo-1549479047-7af9b52e5bc2 1 0.398464 0.714841 0.188276 0.382009 0.00335347
bcdbde3e-photo-1549479047-7af9b52e5bc2 1 0.984736 0.234955 0.0305274 0.173593 0.00349834
bcdbde3e-photo-1549479047-7af9b52e5bc2 1 0.393663 0.715751 0.164729 0.211311 0.00358601
bcdbde3e-photo-1549479047-7af9b52e5bc2 1 0.985361 0.26396 0.029279 0.0906119 0.00375347
bcdbde3e-photo-1549479047-7af9b52e5bc2 1 0.431048 0.760504 0.232409 0.311359 0.00444145
bcdbde3e-photo-1549479047-7af9b52e5bc2 1 0.987225 0.456362 0.0247787 0.198096 0.00506712
bcdbde3e-photo-1549479047-7af9b52e5bc2 1 0.98588 0.367275 0.0276943 0.154947 0.0053644
bcdbde3e-photo-1549479047-7af9b52e5bc2 1 0.844307 0.307441 0.311386 0.396553 0.00692943
bcdbde3e-photo-1549479047-7af9b52e5bc2 1 0.986995 0.392117 0.0260092 0.0998589 0.00943961
bcdbde3e-photo-1549479047-7af9b52e5bc2 1 0.465931 0.703724 0.392834 0.427857 0.0111427
bcdbde3e-photo-1549479047-7af9b52e5bc2 0 0.336457 0.574861 0.0789392 0.122109 0.0182774
bcdbde3e-photo-1549479047-7af9b52e5bc2 1 0.687627 0.642353 0.416411 0.480312 0.0207121
bcdbde3e-photo-1549479047-7af9b52e5bc2 1 0.423828 0.228942 0.238666 0.390865 0.0341766
bcdbde3e-photo-1549479047-7af9b52e5bc2 0 0.678117 0.231446 0.322261 0.2161 0.0419992
bcdbde3e-photo-1549479047-7af9b52e5bc2 1 0.691603 0.738998 0.399613 0.285997 0.0553486
bcdbde3e-photo-1549479047-7af9b52e5bc2 1 0.890083 0.297881 0.218258 0.299091 0.0634288
bcdbde3e-photo-1549479047-7af9b52e5bc2 1 0.688578 0.234389 0.338864 0.217843 0.134667
bcdbde3e-photo-1549479047-7af9b52e5bc2 1 0.0905543 0.892171 0.181109 0.215658 0.232077
bcdbde3e-photo-1549479047-7af9b52e5bc2 0 0.12413 0.392433 0.24826 0.172903 0.313067
bcdbde3e-photo-1549479047-7af9b52e5bc2 1 0.564004 0.599809 0.21436 0.140778 0.360067
bcdbde3e-photo-1549479047-7af9b52e5bc2 1 0.729096 0.358027 0.425565 0.461689 0.459102
bcdbde3e-photo-1549479047-7af9b52e5bc2 1 0.124766 0.389193 0.249531 0.180135 0.49205
bcdbde3e-photo-1549479047-7af9b52e5bc2 0 0.385756 0.286399 0.124076 0.26894 0.566369
bcdbde3e-photo-1549479047-7af9b52e5bc2 1 0.485714 0.389269 0.178569 0.241015 0.888032
bcdbde3e-photo-1549479047-7af9b52e5bc2 0 0.187509 0.207181 0.131924 0.213804 0.945795
c4b64774-photo-1584991934159-00e3771243c3 0 0.712178 0.125793 0.501431 0.251586 0.0013129
c4b64774-photo-1584991934159-00e3771243c3 1 0.551601 0.970029 0.894598 0.0599428 0.00143643
c4b64774-photo-1584991934159-00e3771243c3 1 0.959609 0.574617 0.0807816 0.194272 0.00152093
c4b64774-photo-1584991934159-00e3771243c3 0 0.292539 0.0964519 0.503774 0.192904 0.00152863
c4b64774-photo-1584991934159-00e3771243c3 1 0.519884 0.478278 0.642669 0.287804 0.00158169
c4b64774-photo-1584991934159-00e3771243c3 1 0.831954 0.771022 0.336091 0.457601 0.00168921
c4b64774-photo-1584991934159-00e3771243c3 0 0.798766 0.0707009 0.402468 0.141226 0.00180744
c4b64774-photo-1584991934159-00e3771243c3 0 0.278608 0.0446379 0.485118 0.0879559 0.00250596
c4b64774-photo-1584991934159-00e3771243c3 0 0.667876 0.0498451 0.573197 0.0971737 0.00259756
c4b64774-photo-1584991934159-00e3771243c3 0 0.818825 0.129656 0.36235 0.259311 0.00260709
c4b64774-photo-1584991934159-00e3771243c3 1 0.767635 0.508904 0.46472 0.304924 0.0112911
c4b64774-photo-1584991934159-00e3771243c3 0 0.499862 0.0930401 0.94407 0.18608 0.0129582
c4b64774-photo-1584991934159-00e3771243c3 0 0.476596 0.0504545 0.785707 0.097571 0.0137465
c4b64774-photo-1584991934159-00e3771243c3 1 0.522459 0.774197 0.951574 0.448345 0.230345
c4b64774-photo-1584991934159-00e3771243c3 1 0.389415 0.48657 0.362641 0.273104 0.907748
c4b64774-photo-1584991934159-00e3771243c3 1 0.680774 0.494141 0.29455 0.27376 0.928556
c75ba6c6-photo-1593720440805-c637694b4ea8 1 0.57747 0.509082 0.376463 0.397044 0.00147153
c75ba6c6-photo-1593720440805-c637694b4ea8 0 0.365663 0.0140055 0.676035 0.0274078 0.00203116
c75ba6c6-photo-1593720440805-c637694b4ea8 0 0.458029 0.0390378 0.758331 0.0761248 0.00420352
c75ba6c6-photo-1593720440805-c637694b4ea8 1 0.418562 0.509249 0.692628 0.399254 0.926102
c7afe0e2-photo-1525535136511-e730793ef1a5 2 0.682235 0.0585741 0.553015 0.117148 0.00120124
c7afe0e2-photo-1525535136511-e730793ef1a5 2 0.0297523 0.2939 0.0575475 0.587799 0.0012378
c7afe0e2-photo-1525535136511-e730793ef1a5 2 0.460522 0.0554486 0.878836 0.110897 0.00137738
c7afe0e2-photo-1525535136511-e730793ef1a5 2 0.116511 0.282761 0.233023 0.565522 0.00142342
c7afe0e2-photo-1525535136511-e730793ef1a5 0 0.115755 0.702842 0.223064 0.304643 0.00144433
c7afe0e2-photo-1525535136511-e730793ef1a5 1 0.988383 0.985821 0.0170278 0.028357 0.00222321
c7afe0e2-photo-1525535136511-e730793ef1a5 0 0.398131 0.0788524 0.793665 0.157705 0.0062777
c7afe0e2-photo-1525535136511-e730793ef1a5 0 0.402035 0.14923 0.804071 0.29846 0.0117938
c7afe0e2-photo-1525535136511-e730793ef1a5 1 0.52559 0.687693 0.236467 0.33905 0.933817
c9de2d64-photo-1534695941753-73cf13435eb4 1 0.44118 0.0345928 0.754523 0.0657926 0.00366972
c9de2d64-photo-1534695941753-73cf13435eb4 1 0.558391 0.56392 0.871011 0.677318 0.961967
e460nx 2 0.310438 0.0398081 0.474328 0.0781564 0.00117483
e460nx 2 0.481009 0.146532 0.759143 0.291117 0.00138418
e460nx 2 0.228797 0.0537361 0.246525 0.105296 0.00146753
e460nx 2 0.166753 0.055546 0.147094 0.109536 0.00198665
e460nx 1 0.546905 0.985278 0.30833 0.0294434 0.00201624
e460nx 2 0.477936 0.0853184 0.687328 0.170637 0.00319181
e460nx 2 0.472689 0.0386814 0.654037 0.0749504 0.00775176
e460nx 2 0.499494 0.490248 0.770383 0.629992 0.965109
ebrj9c 1 0.0326717 0.318687 0.0637834 0.637375 0.001346
ebrj9c 1 0.221266 0.605879 0.348497 0.368454 0.00140425
ebrj9c 2 0.0331635 0.325747 0.0647285 0.651495 0.001466
ebrj9c 1 0.988622 0.452932 0.0227561 0.56056 0.00214131
ebrj9c 1 0.442423 0.981255 0.184499 0.037491 0.00275951
ebrj9c 1 0.489545 0.981561 0.187097 0.0368781 0.00463599
ebrj9c 1 0.36368 0.647018 0.62699 0.596938 0.346862
ebrj9c 2 0.363812 0.646205 0.630241 0.605515 0.878269
ebrj9c 2 0.807633 0.509775 0.383498 0.93296 0.936801
ebrj9m 2 0.414037 0.98325 0.0748947 0.0334996 0.00101703
ebrj9m 2 0.305024 0.334715 0.245255 0.359037 0.00134549
ebrj9m 2 0.945596 0.329417 0.108808 0.65086 0.00171915
ebrj9m 2 0.0269299 0.249299 0.0525359 0.498597 0.00177911
ebrj9m 1 0.470732 0.983413 0.121996 0.0331743 0.00184169
ebrj9m 0 0.389545 0.43682 0.729319 0.466718 0.00186821
ebrj9m 2 0.0455764 0.255201 0.0892438 0.510401 0.00192864
ebrj9m 1 0.543336 0.982341 0.139047 0.0353183 0.00223961
ebrj9m 2 0.955516 0.224856 0.0889687 0.449713 0.00272648
ebrj9m 1 0.259433 0.424076 0.51159 0.489947 0.00651868
ebrj9m 2 0.537141 0.350832 0.209587 0.58759 0.017617
ebrj9m 2 0.277186 0.409995 0.55426 0.517566 0.119428
ebrj9m 0 0.258188 0.408972 0.512863 0.513716 0.282764
ebrj9m 2 0.652034 0.396625 0.436534 0.469727 0.681242
em49w6 2 0.0399339 0.226857 0.0786362 0.450918 0.00102488
em49w6 2 0.0310532 0.453138 0.0611125 0.860374 0.00115776
em49w6 1 0.494089 0.980993 0.154599 0.0380143 0.00121848
em49w6 2 0.0115144 0.539465 0.0214291 0.540518 0.00180656
em49w6 1 0.543069 0.981863 0.136275 0.0362734 0.002165
em49w6 2 0.0282548 0.298461 0.0549348 0.596922 0.00343304
em49w6 2 0.940727 0.341921 0.118547 0.683843 0.00460857
em49w6 0 0.376826 0.314441 0.141938 0.134264 0.0125786
em49w6 2 0.701282 0.492191 0.463837 0.66019 0.975262
em4ad3 2 0.0404167 0.207594 0.0785796 0.415187 0.00104669
em4ad3 0 0.67923 0.110764 0.620798 0.221528 0.00130231
em4ad3 1 0.58882 0.980687 0.120623 0.038627 0.00153528
em4ad3 1 0.515809 0.304828 0.27748 0.290849 0.00165831
em4ad3 2 0.440591 0.245263 0.103648 0.167681 0.00168596
em4ad3 2 0.485159 0.387659 0.0739399 0.207168 0.00175019
em4ad3 2 0.687007 0.39555 0.622151 0.7911 0.00181129
em4ad3 2 0.0332978 0.450109 0.0647366 0.618327 0.00205183
em4ad3 0 0.86477 0.149826 0.27046 0.299652 0.0021034
em4ad3 1 0.68716 0.395147 0.625122 0.790294 0.00217884
em4ad3 1 0.560136 0.980724 0.0363571 0.0385525 0.00279449
em4ad3 1 0.467615 0.980241 0.151069 0.0395186 0.0028701
em4ad3 0 0.439391 0.23241 0.106783 0.143341 0.00345477
em4ad3 0 0.849808 0.0940172 0.300385 0.188034 0.00397376
em4ad3 1 0.51084 0.980566 0.148803 0.0388686 0.00781196
em4ad3 0 0.733213 0.0773208 0.484652 0.154373 0.0104134
em4ad3 0 0.519458 0.239581 0.276999 0.168059 0.0356911
em4ad3 1 0.517048 0.246266 0.274343 0.180797 0.187224
em4ad3 2 0.613821 0.524071 0.32676 0.525127 0.932088
ercn9c 1 0.977794 0.357047 0.0444113 0.695133 0.00102112
ercn9c 0 0.494976 0.467082 0.419733 0.400464 0.00103411
ercn9c 2 0.030485 0.435226 0.0600623 0.863721 0.00106327
ercn9c 1 0.02558 0.493057 0.0505035 0.856944 0.00107302
ercn9c 0 0.849244 0.577565 0.301511 0.755889 0.00109502
ercn9c 0 0.861147 0.271564 0.275138 0.543128 0.00112222
ercn9c 1 0.0288756 0.320252 0.0562694 0.640505 0.00142081
ercn9c 1 0.98008 0.517384 0.0398396 0.632045 0.00181026
ercn9c 1 0.50488 0.981488 0.180373 0.0370234 0.00183289
ercn9c 0 0.476404 0.639848 0.913528 0.720304 0.00193174
ercn9c 0 0.209332 0.0543555 0.418665 0.10785 0.00241315
ercn9c 0 0.347496 0.132841 0.594113 0.265683 0.0026243
ercn9c 1 0.975745 0.652909 0.0485101 0.626111 0.00267419
ercn9c 0 0.612989 0.141144 0.670123 0.282288 0.00323479
ercn9c 0 0.793513 0.461276 0.412511 0.916986 0.0049751
ercn9c 0 0.517584 0.0586247 0.688117 0.11553 0.00517441
ercn9c 0 0.333034 0.0559459 0.548778 0.110689 0.00577893
ercn9c 0 0.63682 0.0500083 0.623976 0.0971395 0.00586634
ercn9c 1 0.964452 0.25633 0.0710964 0.51266 0.00629037
ercn9c 0 0.885472 0.448289 0.229056 0.885663 0.0116654
ercn9c 0 0.629172 0.606673 0.694953 0.672394 0.0676821
ercn9c 2 0.641619 0.607519 0.716762 0.681366 0.797966
f3c042 1 0.866778 0.369541 0.266443 0.738344 0.00115964
f3c042 1 0.445947 0.981143 0.138803 0.0377139 0.00143133
f3c042 0 0.844741 0.0732777 0.310518 0.146555 0.00160604
f3c042 1 0.534513 0.981139 0.131685 0.0377226 0.0024645
f3c042 0 0.887221 0.227608 0.225513 0.455217 0.00293898
f3c042 2 0.0337459 0.318996 0.0661349 0.637991 0.00412535
f3c042 1 0.485089 0.981206 0.144954 0.037589 0.00481854
f3c042 0 0.185172 0.471334 0.36789 0.510315 0.00558438
f3c042 0 0.541893 0.465238 0.71606 0.812529 0.899835
f3c043 1 0.472091 0.985968 0.374878 0.0280649 0.00136034
f3c043 1 0.541084 0.983373 0.304115 0.0332531 0.00409707
f3c043 2 0.0403786 0.48944 0.0807572 0.616391 0.00430841
f3c043 2 0.678365 0.466433 0.56112 0.592187 0.964186
f3c048 1 0.54906 0.980527 0.175353 0.0389464 0.00111432
f3c048 2 0.684592 0.43805 0.587469 0.8761 0.00124385
f3c048 0 0.140037 0.873332 0.280074 0.253335 0.00124748
f3c048 2 0.910334 0.39984 0.177359 0.79968 0.00179195
f3c048 1 0.505896 0.980627 0.17627 0.0387463 0.00355983
f3c048 1 0.463209 0.980995 0.174938 0.0380091 0.0043282
f3c048 2 0.0315736 0.271282 0.0625837 0.542564 0.00933522
f3c048 2 0.946427 0.396885 0.107145 0.793769 0.0113755
f3c048 2 0.577524 0.56192 0.373086 0.587282 0.940589
f3c049 1 0.554129 0.98149 0.133109 0.0370193 0.00114784
f3c049 2 0.0123748 0.271543 0.0238031 0.315082 0.00117236
f3c049 2 0.37566 0.447377 0.489366 0.853745 0.00119355
f3c049 2 0.796293 0.383676 0.406155 0.767352 0.00129629
f3c049 2 0.0102144 0.367087 0.0197474 0.259776 0.00132649
f3c049 2 0.962011 0.547839 0.0759785 0.566881 0.00154404
f3c049 2 0.473985 0.607311 0.321135 0.469345 0.00155175
f3c049 2 0.0303221 0.239317 0.0592092 0.478634 0.00221102
f3c049 2 0.903103 0.266134 0.193793 0.532268 0.002876
f3c049 1 0.465951 0.98179 0.12684 0.0364202 0.00369615
f3c049 2 0.958272 0.284367 0.0834568 0.528066 0.00387883
f3c049 2 0.893557 0.402492 0.211434 0.804984 0.00409361
f3c049 1 0.516373 0.981716 0.135952 0.0365685 0.00540873
f3c049 2 0.0265516 0.378057 0.0516522 0.756113 0.00777228
f3c049 2 0.643708 0.44903 0.664291 0.898061 0.00792531
f3c049 2 0.938674 0.402018 0.122652 0.799966 0.0178997
f3c049 2 0.576065 0.614792 0.520192 0.481995 0.80653
f41gc8 1 0.547122 0.98468 0.307994 0.0306404 0.00101497
f41gc8 2 0.441757 0.0363985 0.66978 0.0702864 0.00203612
f41gc8 1 0.570591 0.492692 0.759007 0.609536 0.098137
f41gc8 0 0.573783 0.493764 0.762506 0.613956 0.162846
f41gc8 2 0.575262 0.491711 0.768464 0.610602 0.694284
f41nhw 1 0.994226 0.900084 0.0112404 0.102335 0.00140911
f41nhw 1 0.528839 0.981732 0.19011 0.0365363 0.00170814
f41nhw 2 0.0233786 0.846384 0.0449586 0.307233 0.00191208
f41nhw 2 0.493913 0.366171 0.351245 0.732342 0.00213773
f41nhw 2 0.980743 0.695611 0.0384472 0.51461 0.00259515
f41nhw 2 0.0362447 0.213272 0.0715659 0.426048 0.00303418
f41nhw 2 0.925036 0.350408 0.149928 0.698984 0.00303567
f41nhw 2 0.0421602 0.360966 0.0830956 0.721932 0.00321581
f41nhw 2 0.726287 0.449159 0.5282 0.831237 0.00396072
f41nhw 2 0.028093 0.302218 0.0546096 0.604436 0.00509968
f41nhw 2 0.419145 0.36372 0.196916 0.72744 0.0125356
f41nhw 2 0.41967 0.577761 0.191879 0.313952 0.563953
f41nhw 2 0.727205 0.652475 0.518941 0.43097 0.839895
f41nhw 2 0.15728 0.461532 0.237263 0.516192 0.963654
f4bga1 1 0.469014 0.982165 0.160326 0.0356708 0.0011516
f4bga1 2 0.00844952 0.541414 0.016378 0.254382 0.0012308
f4bga1 2 0.196104 0.260583 0.11598 0.164728 0.00124475
f4bga1 2 0.034776 0.57581 0.069552 0.646754 0.00128457
f4bga1 2 0.012529 0.411168 0.02327 0.670938 0.00134171
f4bga1 1 0.532709 0.980323 0.176963 0.0393542 0.00140399
f4bga1 2 0.397057 0.395412 0.28172 0.458745 0.00146063
f4bga1 2 0.368977 0.611933 0.175 0.319696 0.00158016
f4bga1 2 0.240807 0.37263 0.211342 0.391544 0.00182747
f4bga1 2 0.0183093 0.356115 0.0352463 0.658256 0.00247719
f4bga1 2 0.241771 0.341606 0.0959681 0.278779 0.00270995
f4bga1 2 0.0291173 0.223042 0.0575913 0.446083 0.00299013
f4bga1 2 0.961423 0.206708 0.0770428 0.374588 0.0042073
f4bga1 2 0.0290629 0.418558 0.0568109 0.836076 0.0108126
f4bga1 2 0.205041 0.318924 0.141089 0.285512 0.0108871
f4bga1 2 0.188969 0.382479 0.110013 0.411406 0.0248835
f4bga1 2 0.412973 0.489485 0.430766 0.653072 0.892565
f4bga1 2 0.293655 0.471148 0.320244 0.598614 0.93818
f4bga1 2 0.551781 0.473765 0.329152 0.588444 0.955299
f4bga1 2 0.802338 0.466587 0.351628 0.631091 0.976672
f7tpyx 2 0.862962 0.436439 0.159502 0.306403 0.00104833
f7tpyx 2 0.923479 0.254965 0.153042 0.50993 0.00106886
f7tpyx 2 0.0521962 0.67228 0.0316653 0.075712 0.00111897
f7tpyx 2 0.629499 0.437353 0.11152 0.242133 0.00116095
f7tpyx 2 0.0284859 0.257223 0.055966 0.514446 0.00116214
f7tpyx 1 0.536359 0.981435 0.115497 0.0371292 0.00133163
f7tpyx 2 0.0544801 0.869333 0.10896 0.261334 0.00150282
f7tpyx 0 0.0328922 0.664298 0.0627049 0.0786947 0.0015517
f7tpyx 2 0.744592 0.381062 0.0480062 0.0799507 0.00157216
f7tpyx 0 0.0359094 0.667861 0.069359 0.127546 0.00169728
f7tpyx 2 0.0340032 0.857575 0.0661473 0.284849 0.00192303
f7tpyx 2 0.823685 0.415563 0.0815542 0.267153 0.00196284
f7tpyx 2 0.832046 0.454359 0.124046 0.34573 0.00250953
f7tpyx 2 0.659804 0.435361 0.0792118 0.245646 0.00252925
f7tpyx 0 0.00983606 0.705696 0.0196721 0.175029 0.00293024
f7tpyx 1 0.489056 0.982447 0.152023 0.0351055 0.00295054
f7tpyx 2 0.960233 0.190216 0.0791891 0.380432 0.00360899
f7tpyx 2 0.718858 0.400478 0.0848555 0.210013 0.00501522
f7tpyx 2 0.741135 0.491666 0.12352 0.403388 0.00518888
f7tpyx 2 0.711891 0.419595 0.132232 0.28445 0.00527222
f7tpyx 2 0.7865 0.39121 0.101492 0.233545 0.0114318
f7tpyx 2 0.808994 0.382846 0.0749243 0.199975 0.0120498
f7tpyx 2 0.652698 0.561762 0.0734888 0.308556 0.0174281
f7tpyx 2 0.697512 0.3856 0.0797237 0.190104 0.0178874
f7tpyx 2 0.680286 0.383166 0.0949142 0.221908 0.0235193
f7tpyx 0 0.0101256 0.655741 0.0202512 0.0779005 0.0310412
f7tpyx 2 0.671731 0.43495 0.191084 0.322507 0.0422361
f7tpyx 2 0.641042 0.477831 0.163239 0.312667 0.0686953
f7tpyx 2 0.795219 0.445615 0.187271 0.321726 0.0937307
f7tpyx 2 0.735973 0.417538 0.100121 0.251264 0.467574
f7tpyx 2 0.706272 0.46975 0.16282 0.385189 0.524425
f7tpyx 2 0.734269 0.518623 0.220796 0.461064 0.828749
f7tpyx 2 0.878896 0.489316 0.198076 0.41198 0.852013
f7tpyx 2 0.805563 0.516436 0.216512 0.457116 0.885066
f7tpyx 2 0.554132 0.502571 0.175139 0.454316 0.895746
f7tpyx 2 0.421299 0.512598 0.312962 0.503109 0.919934
f7tpyx 2 0.666003 0.549568 0.205726 0.465021 0.948753
f7tr1k 2 0.0179715 0.478673 0.0326126 0.102837 0.00100922
f7tr1k 2 0.0198853 0.575213 0.0397707 0.0612591 0.00109997
f7tr1k 2 0.0239278 0.489223 0.0209667 0.0260459 0.00112584
f7tr1k 1 0.537912 0.981965 0.0661543 0.0360695 0.00113081
f7tr1k 2 0.7789 0.361192 0.137389 0.33446 0.0012316
f7tr1k 1 0.412451 0.881448 0.0784504 0.14857 0.00143884
f7tr1k 1 0.476126 0.900655 0.048031 0.104742 0.00151526
f7tr1k 1 0.488623 0.981632 0.139722 0.0367352 0.00157006
f7tr1k 2 0.0269538 0.486243 0.0302928 0.0603992 0.00162497
f7tr1k 2 0.413828 0.88037 0.091576 0.145742 0.0018922
f7tr1k 2 0.0429425 0.487836 0.0187006 0.0880909 0.00250329
f7tr1k 2 0.0451597 0.466625 0.0146747 0.045229 0.00253835
f7tr1k 2 0.0330652 0.526482 0.024531 0.103272 0.0025994
f7tr1k 2 0.0265757 0.223064 0.0519042 0.446129 0.00283722
f7tr1k 2 0.805827 0.385842 0.126606 0.344677 0.00302261
f7tr1k 2 0.0101224 0.474993 0.0196184 0.281705 0.00327372
f7tr1k 2 0.657262 0.397352 0.196282 0.35761 0.00335562
f7tr1k 2 0.383562 0.427624 0.201396 0.365216 0.00353834
f7tr1k 2 0.962703 0.194037 0.0738289 0.388074 0.00372029
f7tr1k 2 0.563663 0.377696 0.120606 0.321801 0.00375475
f7tr1k 2 0.0149228 0.597577 0.0294137 0.145474 0.00382365
f7tr1k 2 0.0284187 0.528172 0.0487725 0.188941 0.00430793
f7tr1k 2 0.630707 0.453 0.0801682 0.30766 0.00448318
f7tr1k 2 0.617896 0.414426 0.091258 0.308422 0.00489528
f7tr1k 0 0.0180844 0.585536 0.0359747 0.173015 0.00755499
f7tr1k 0 0.0181655 0.591569 0.0360757 0.0896772 0.0076059
f7tr1k 2 0.59522 0.348801 0.0920105 0.263559 0.0101555
f7tr1k 2 0.0169883 0.422978 0.0324176 0.510234 0.0102274
f7tr1k 0 0.0165257 0.621141 0.0327056 0.160495 0.0110801
f7tr1k 2 0.0208522 0.604558 0.0402166 0.302939 0.0126677
f7tr1k 2 0.0288162 0.359459 0.0562397 0.718917 0.0188479
f7tr1k 2 0.0220694 0.681243 0.0422425 0.307385 0.0189696
f7tr1k 0 0.0192582 0.542237 0.0380047 0.160963 0.020262
f7tr1k 2 0.020638 0.526275 0.0389229 0.287579 0.025953
f7tr1k 2 0.55212 0.329147 0.0939756 0.228163 0.037027
f7tr1k 2 0.594029 0.445452 0.179527 0.455786 0.510664
f7tr1k 2 0.478653 0.461397 0.223438 0.475392 0.51081
f7tr1k 2 0.663687 0.459813 0.279725 0.490866 0.872922
f7tr1k 2 0.844127 0.428112 0.20925 0.426552 0.891755
f7tr1k 2 0.764292 0.389409 0.189663 0.417938 0.905529
f7tr1k 2 0.247066 0.475175 0.261909 0.486843 0.911291
f7tr1k 2 0.43259 0.506303 0.299596 0.539738 0.938718
