28006992-photo-1600329654155-9a798a51c5ce 0 0.115016 0.943869 0.230033 0.112263 0.00146237
28006992-photo-1600329654155-9a798a51c5ce 0 0.133071 0.9731 0.256165 0.0538006 0.00401454
28006992-photo-1600329654155-9a798a51c5ce 0 0.457183 0.46465 0.679666 0.746366 0.810064
29058544-photo-1595672234107-dbc792655abf 1 0.257917 0.558469 0.515833 0.540123 0.0010111
29058544-photo-1595672234107-dbc792655abf 2 0.944745 0.427275 0.11051 0.832325 0.00104257
29058544-photo-1595672234107-dbc792655abf 2 0.772934 0.43054 0.454132 0.861081 0.00114923
29058544-photo-1595672234107-dbc792655abf 1 0.479818 0.546573 0.300395 0.361514 0.00148227
29058544-photo-1595672234107-dbc792655abf 0 0.444328 0.624999 0.888656 0.728479 0.00169452
29058544-photo-1595672234107-dbc792655abf 2 0.878873 0.424949 0.242174 0.849899 0.0019671
29058544-photo-1595672234107-dbc792655abf 1 0.346754 0.642653 0.684709 0.714694 0.00209076
29058544-photo-1595672234107-dbc792655abf 1 0.882181 0.126066 0.235637 0.252131 0.0025295
29058544-photo-1595672234107-dbc792655abf 1 0.257633 0.467032 0.456288 0.394364 0.00417644
29058544-photo-1595672234107-dbc792655abf 1 0.344543 0.455853 0.347749 0.47936 0.00561638
29058544-photo-1595672234107-dbc792655abf 1 0.60566 0.446247 0.522165 0.598204 0.794296
308074031-480px 1 0.180114 0.45935 0.360228 0.701815 0.00118449
308074031-480px 1 0.541357 0.287402 0.458436 0.439048 0.00125988
308074031-480px 1 0.0669216 0.314069 0.133843 0.609851 0.00126984
308074031-480px 1 0.329942 0.486099 0.659884 0.790307 0.0014171
308074031-480px 1 0.961425 0.709779 0.0765877 0.279562 0.00149251
308074031-480px 1 0.984072 0.634934 0.0318558 0.438096 0.00195746
308074031-480px 1 0.190638 0.213171 0.381276 0.425573 0.00231303
308074031-480px 1 0.971215 0.670936 0.0574322 0.401992 0.00415212
308074031-480px 1 0.961398 0.777001 0.0763649 0.113111 0.004684
308074031-480px 1 0.149389 0.319782 0.298003 0.632394 0.0109746
308074031-480px 1 0.264016 0.353333 0.528033 0.69152 0.0277093
308074031-480px 1 0.606083 0.473426 0.568015 0.864001 0.940534
41018371-photo-1534627760265-69713192ade4 2 0.987927 0.455824 0.0241465 0.518219 0.00101583
41018371-photo-1534627760265-69713192ade4 0 0.158641 0 0.317283 0 0.00102643
41018371-photo-1534627760265-69713192ade4 2 0.62689 0.500293 0.138071 0.449501 0.00181169
41018371-photo-1534627760265-69713192ade4 2 0.0301789 0.46793 0.0603578 0.698163 0.00280025
41018371-photo-1534627760265-69713192ade4 2 0.987684 0.599092 0.0246318 0.484692 0.00291065
41018371-photo-1534627760265-69713192ade4 0 0.535734 0.50076 0.513633 0.439878 0.00752553
41018371-photo-1534627760265-69713192ade4 0 0.6788 0.48181 0.229099 0.409675 0.492811
41018371-photo-1534627760265-69713192ade4 0 0.436989 0.528944 0.385843 0.447495 0.880161
51931452-photo-1604761628391-e125981dcb3d 1 0.758677 0.655909 0.482646 0.580036 0.00100289
51931452-photo-1604761628391-e125981dcb3d 1 0.579308 0.494129 0.841383 0.369316 0.00120498
51931452-photo-1604761628391-e125981dcb3d 1 0.545028 0.253085 0.909944 0.463282 0.00123289
51931452-photo-1604761628391-e125981dcb3d 1 0.38161 0.431254 0.763219 0.179196 0.00148717
51931452-photo-1604761628391-e125981dcb3d 1 0.578589 0.680325 0.842821 0.634924 0.0105784
51931452-photo-1604761628391-e125981dcb3d 1 0.38615 0.66878 0.7595 0.64584 0.946638
76912066-photo-1586276632510-a680c3db9a10 0 0.555882 0.564427 0.44932 0.41975 0.00160387
76912066-photo-1586276632510-a680c3db9a10 0 0.0466899 0.359511 0.0933798 0.109017 0.00193749
76912066-photo-1586276632510-a680c3db9a10 0 0.628789 0.544196 0.29614 0.390891 0.0139453
76912066-photo-1586276632510-a680c3db9a10 0 0.628933 0.440065 0.296327 0.194231 0.699621
a0dcfb43-photo-1549216580-cdaa97339899 0 0.439983 0.979731 0.773587 0.040053 0.00113443
a0dcfb43-photo-1549216580-cdaa97339899 0 0.478162 0.677543 0.942146 0.644915 0.0013576
a0dcfb43-photo-1549216580-cdaa97339899 1 0.560967 0.556106 0.25474 0.0843834 0.00169348
a0dcfb43-photo-1549216580-cdaa97339899 1 0.537113 0.266868 0.925774 0.533737 0.00229244
a0dcfb43-photo-1549216580-cdaa97339899 1 0.532308 0.488188 0.395679 0.232697 0.00562211
a0dcfb43-photo-1549216580-cdaa97339899 1 0.519526 0.575659 0.373892 0.417437 0.200071
a0dcfb43-photo-1549216580-cdaa97339899 1 0.647242 0.575252 0.641532 0.413941 0.907466
a15ec123-image_9 0 0.366685 0.54407 0.515796 0.691856 0.849695
a1f6b1c9-photo-1531512423823-672893a2b91d 0 0.119258 0.880312 0.238516 0.239376 0.00107667
a1f6b1c9-photo-1531512423823-672893a2b91d 0 0.572726 0.108701 0.804126 0.217403 0.00116018
a1f6b1c9-photo-1531512423823-672893a2b91d 0 0.440866 0.3912 0.876426 0.7824 0.00116796
a1f6b1c9-photo-1531512423823-672893a2b91d 1 0.826643 0.123343 0.0808588 0.109236 0.0020657
a1f6b1c9-photo-1531512423823-672893a2b91d 0 0.440865 0.729837 0.874774 0.514388 0.00613136
a1f6b1c9-photo-1531512423823-672893a2b91d 0 0.619313 0.611132 0.472193 0.362001 0.878302
a2723d1e-image_20 0 0.40509 0.588076 0.736028 0.536572 0.825846
a408e8ce-photo-1551254539-1e77a07f02ff 0 0.136173 0 0.272347 0 0.00113766
a408e8ce-photo-1551254539-1e77a07f02ff 1 0.521937 0.48376 0.171012 0.484975 0.00184442
a408e8ce-photo-1551254539-1e77a07f02ff 0 0.496371 0.602448 0.992741 0.783202 0.00347643
a408e8ce-photo-1551254539-1e77a07f02ff 1 0.480623 0.640622 0.950716 0.713697 0.00475318
a408e8ce-photo-1551254539-1e77a07f02ff 1 0.388824 0.405716 0.718042 0.648505 0.0087452
a408e8ce-photo-1551254539-1e77a07f02ff 1 0.63119 0.466691 0.40568 0.521983 0.892599
aaadab5a-photo-1550686379-ab264a08f029 0 0.293997 0.654574 0.143956 0.0829977 0.00111499
aaadab5a-photo-1550686379-ab264a08f029 0 0.544992 0.000310696 0.589897 0.000621392 0.00113722
aaadab5a-photo-1550686379-ab264a08f029 0 0.70176 0.380101 0.596481 0.760201 0.00119274
aaadab5a-photo-1550686379-ab264a08f029 0 0.485233 0.683905 0.396429 0.319865 0.00142455
aaadab5a-photo-1550686379-ab264a08f029 0 0.315829 0.644446 0.0997452 0.101199 0.00154531
aaadab5a-photo-1550686379-ab264a08f029 0 0.511943 0.195025 0.708769 0.39005 0.00170876
aaadab5a-photo-1550686379-ab264a08f029 0 0.869033 0.0395962 0.261933 0.0791925 0.00184743
aaadab5a-photo-1550686379-ab264a08f029 1 0.304839 0.652819 0.124547 0.086054 0.00188362
aaadab5a-photo-1550686379-ab264a08f029 1 0.112904 0.429832 0.225809 0.859665 0.00209129
aaadab5a-photo-1550686379-ab264a08f029 0 0.113553 0.389364 0.225918 0.778729 0.00217013
aaadab5a-photo-1550686379-ab264a08f029 0 0.528396 0.0788571 0.710148 0.157714 0.00236973
aaadab5a-photo-1550686379-ab264a08f029 0 0.87644 0.00180493 0.24712 0.00360986 0.00267949
aaadab5a-photo-1550686379-ab264a08f029 0 0.591907 0.0522828 0.562357 0.104566 0.00399494
aaadab5a-photo-1550686379-ab264a08f029 0 0.384025 0.662825 0.604799 0.364236 0.00480584
aaadab5a-photo-1550686379-ab264a08f029 0 0.75344 0.0368328 0.492025 0.0736656 0.00492513
aaadab5a-photo-1550686379-ab264a08f029 0 0.223336 0.440609 0.446672 0.881219 0.00865655
aaadab5a-photo-1550686379-ab264a08f029 0 0.720114 0.0423186 0.194375 0.0812641 0.0117545
aaadab5a-photo-1550686379-ab264a08f029 0 0.350371 0.613399 0.694799 0.664402 0.0170317
aaadab5a-photo-1550686379-ab264a08f029 0 0.324329 0.499434 0.226436 0.446276 0.249546
aaadab5a-photo-1550686379-ab264a08f029 1 0.115291 0.169961 0.230581 0.339921 0.268317
aaadab5a-photo-1550686379-ab264a08f029 0 0.439851 0.554996 0.493955 0.558658 0.313977
ac031c0c-photo-1588198154890-00e74bc72f20 1 0.0372719 0.389306 0.051823 0.0694033 0.00100901
ac031c0c-photo-1588198154890-00e74bc72f20 1 0.219727 0.31899 0.063442 0.0624956 0.00101816
ac031c0c-photo-1588198154890-00e74bc72f20 1 0.388797 0.200151 0.106805 0.089402 0.00102275
ac031c0c-photo-1588198154890-00e74bc72f20 1 0.0667628 0.0489498 0.0767925 0.0954891 0.00103395
ac031c0c-photo-1588198154890-00e74bc72f20 1 0.993664 0.501995 0.0124492 0.0681239 0.00106218
ac031c0c-photo-1588198154890-00e74bc72f20 1 0.033024 0.458373 0.0649656 0.285775 0.00106251
ac031c0c-photo-1588198154890-00e74bc72f20 1 0.0628072 0.077777 0.106695 0.147403 0.00109147
ac031c0c-photo-1588198154890-00e74bc72f20 1 0.5 0.322393 1 0.610919 0.00112932
ac031c0c-photo-1588198154890-00e74bc72f20 1 0.16236 0.175366 0.0417186 0.107881 0.00114121
ac031c0c-photo-1588198154890-00e74bc72f20 1 0.638629 0.493367 0.0232319 0.0500101 0.00118371
ac031c0c-photo-1588198154890-00e74bc72f20 1 0.362232 0.642112 0.123228 0.0525088 0.00118608
ac031c0c-photo-1588198154890-00e74bc72f20 1 0.435081 0.365298 0.07601 0.0887603 0.00119546
ac031c0c-photo-1588198154890-00e74bc72f20 1 0.510505 0.13948 0.325942 0.176573 0.0012029
ac031c0c-photo-1588198154890-00e74bc72f20 1 0.0854781 0.0812286 0.168518 0.162457 0.0012038
ac031c0c-photo-1588198154890-00e74bc72f20 0 0.0755001 0.809593 0.151 0.380814 0.00120592
ac031c0c-photo-1588198154890-00e74bc72f20 1 0.829551 0.131695 0.103985 0.107472 0.00120666
ac031c0c-photo-1588198154890-00e74bc72f20 1 0.0890417 0.452237 0.176055 0.904473 0.00121348
ac031c0c-photo-1588198154890-00e74bc72f20 0 0.979492 0.398643 0.0409859 0.151193 0.0012182
ac031c0c-photo-1588198154890-00e74bc72f20 0 0.419012 0.985444 0.555578 0.0291122 0.00123201
ac031c0c-photo-1588198154890-00e74bc72f20 1 0.29566 0.190149 0.0725733 0.15164 0.00123804
ac031c0c-photo-1588198154890-00e74bc72f20 1 0.476587 0.186051 0.184025 0.111709 0.00124464
ac031c0c-photo-1588198154890-00e74bc72f20 1 0.246566 0.118898 0.0775001 0.100957 0.00125618
ac031c0c-photo-1588198154890-00e74bc72f20 1 0.045493 0.515994 0.0901372 0.392846 0.00127311
ac031c0c-photo-1588198154890-00e74bc72f20 1 0.0317319 0.108196 0.0634639 0.180024 0.00130748
ac031c0c-photo-1588198154890-00e74bc72f20 1 0.478254 0.449653 0.0362551 0.0754698 0.00131026
ac031c0c-photo-1588198154890-00e74bc72f20 1 0.388465 0.148301 0.137791 0.10418 0.00132315
ac031c0c-photo-1588198154890-00e74bc72f20 1 0.980241 0.51923 0.0393604 0.147402 0.00132981
ac031c0c-photo-1588198154890-00e74bc72f20 1 0.425315 0.136823 0.165099 0.088933 0.00135272
ac031c0c-photo-1588198154890-00e74bc72f20 1 0.540749 0.158267 0.724334 0.292288 0.00135917
ac031c0c-photo-1588198154890-00e74bc72f20 0 0.554438 0.995161 0.612941 0.00967796 0.00139814
ac031c0c-photo-1588198154890-00e74bc72f20 1 0.659445 0.221114 0.172288 0.148441 0.00141782
ac031c0c-photo-1588198154890-00e74bc72f20 1 0.0118368 0.326311 0.0225375 0.586697 0.00146991
ac031c0c-photo-1588198154890-00e74bc72f20 1 0.467509 0.212541 0.0818378 0.1229 0.00149104
ac031c0c-photo-1588198154890-00e74bc72f20 1 0.626206 0.407466 0.0658772 0.119318 0.00149775
ac031c0c-photo-1588198154890-00e74bc72f20 1 0.0487871 0.102184 0.0975742 0.144401 0.00151555
ac031c0c-photo-1588198154890-00e74bc72f20 1 0.9628 0.164079 0.0738196 0.101357 0.00151856
ac031c0c-photo-1588198154890-00e74bc72f20 1 0.137004 0.591764 0.274007 0.186981 0.00152432
ac031c0c-photo-1588198154890-00e74bc72f20 1 0.487655 0.189401 0.117731 0.0725198 0.00157712
ac031c0c-photo-1588198154890-00e74bc72f20 1 0.394442 0.213964 0.0575769 0.0989237 0.00158315
ac031c0c-photo-1588198154890-00e74bc72f20 1 0.330681 0.328294 0.0806571 0.0665778 0.00165827
ac031c0c-photo-1588198154890-00e74bc72f20 1 0.0745475 0.540371 0.149042 0.637485 0.00174148
ac031c0c-photo-1588198154890-00e74bc72f20 1 0.486004 0.363148 0.026441 0.0675697 0.00175591
ac031c0c-photo-1588198154890-00e74bc72f20 1 0.442167 0.129237 0.119208 0.0722898 0.00177794
ac031c0c-photo-1588198154890-00e74bc72f20 1 0.272895 0.305043 0.0812908 0.0760239 0.00180598
ac031c0c-photo-1588198154890-00e74bc72f20 1 0.526184 0.423974 0.0726432 0.0769827 0.00180881
ac031c0c-photo-1588198154890-00e74bc72f20 1 0.983367 0.280573 0.033266 0.404806 0.00181904
ac031c0c-photo-1588198154890-00e74bc72f20 1 0.0707563 0.457346 0.140523 0.236553 0.00182222
ac031c0c-photo-1588198154890-00e74bc72f20 1 0.337862 0.332364 0.0649908 0.0401666 0.0019364
ac031c0c-photo-1588198154890-00e74bc72f20 1 0.699724 0.429225 0.0290896 0.0480041 0.00197181
ac031c0c-photo-1588198154890-00e74bc72f20 1 0.010741 0.484399 0.0204738 0.346352 0.00199181
ac031c0c-photo-1588198154890-00e74bc72f20 1 0.254668 0.337204 0.509335 0.674407 0.00207962
ac031c0c-photo-1588198154890-00e74bc72f20 1 0.528793 0.201199 0.0491865 0.0580138 0.00211341
ac031c0c-photo-1588198154890-00e74bc72f20 1 0.173294 0.0657032 0.197706 0.131406 0.00213085
ac031c0c-photo-1588198154890-00e74bc72f20 1 0.0434323 0.385198 0.0362015 0.0454541 0.00216567
ac031c0c-photo-1588198154890-00e74bc72f20 0 0.660058 0.900499 0.171269 0.199003 0.00218804
ac031c0c-photo-1588198154890-00e74bc72f20 1 0.0291579 0.393715 0.058036 0.17101 0.00219395
ac031c0c-photo-1588198154890-00e74bc72f20 1 0.337348 0.315752 0.0654036 0.0742196 0.00220465
ac031c0c-photo-1588198154890-00e74bc72f20 1 0.700494 0.447904 0.065129 0.0771508 0.00231181
ac031c0c-photo-1588198154890-00e74bc72f20 1 0.0187203 0.505415 0.036374 0.374001 0.0023482
ac031c0c-photo-1588198154890-00e74bc72f20 0 0.471116 0.670487 0.0286392 0.0286398 0.00239145
ac031c0c-photo-1588198154890-00e74bc72f20 1 0.441453 0.104425 0.123424 0.113439 0.00239437
ac031c0c-photo-1588198154890-00e74bc72f20 1 0.00691898 0.367786 0.013838 0.103211 0.00249248
ac031c0c-photo-1588198154890-00e74bc72f20 1 0.0181004 0.413302 0.0359243 0.189122 0.00254256
ac031c0c-photo-1588198154890-00e74bc72f20 0 0.799848 0.994875 0.400304 0.0102504 0.00258651
ac031c0c-photo-1588198154890-00e74bc72f20 1 0.393779 0.074577 0.136194 0.0831395 0.00260611
ac031c0c-photo-1588198154890-00e74bc72f20 1 0.60552 0.446312 0.10338 0.266747 0.00270036
ac031c0c-photo-1588198154890-00e74bc72f20 1 0.46386 0.148291 0.0772947 0.0861214 0.00277159
ac031c0c-photo-1588198154890-00e74bc72f20 1 0.456723 0.196577 0.19338 0.240948 0.00298317
ac031c0c-photo-1588198154890-00e74bc72f20 1 0.00690535 0.442374 0.0138107 0.190775 0.00306012
ac031c0c-photo-1588198154890-00e74bc72f20 1 0.344378 0.0620285 0.0683889 0.0695683 0.00306474
ac031c0c-photo-1588198154890-00e74bc72f20 1 0.414824 0.204914 0.0640037 0.0869278 0.0032379
ac031c0c-photo-1588198154890-00e74bc72f20 1 0.146057 0.619639 0.255041 0.108003 0.0033059
ac031c0c-photo-1588198154890-00e74bc72f20 1 0.416194 0.100638 0.0817772 0.106985 0.00338171
ac031c0c-photo-1588198154890-00e74bc72f20 1 0.0594525 0.360214 0.117426 0.158156 0.00369255
ac031c0c-photo-1588198154890-00e74bc72f20 1 0.54632 0.440814 0.0621109 0.0898418 0.00369858
ac031c0c-photo-1588198154890-00e74bc72f20 1 0.0493259 0.0614567 0.0986518 0.122913 0.00372437
ac031c0c-photo-1588198154890-00e74bc72f20 0 0.557607 0.730363 0.032805 0.0402328 0.00375652
ac031c0c-photo-1588198154890-00e74bc72f20 1 0.0415406 0.134164 0.0830812 0.153671 0.003821
ac031c0c-photo-1588198154890-00e74bc72f20 1 0.42723 0.220483 0.07399 0.103214 0.00390454
ac031c0c-photo-1588198154890-00e74bc72f20 1 0.449527 0.246758 0.124184 0.106307 0.00398859
ac031c0c-photo-1588198154890-00e74bc72f20 1 0.262143 0.118112 0.048743 0.0974993 0.004089
ac031c0c-photo-1588198154890-00e74bc72f20 1 0.694073 0.460744 0.0484693 0.0588471 0.00418731
ac031c0c-photo-1588198154890-00e74bc72f20 1 0.162828 0.0517484 0.145866 0.103497 0.00423617
ac031c0c-photo-1588198154890-00e74bc72f20 1 0.347325 0.294063 0.0913402 0.11587 0.00433889
ac031c0c-photo-1588198154890-00e74bc72f20 0 0.959304 0.366228 0.081282 0.27456 0.00436481
ac031c0c-photo-1588198154890-00e74bc72f20 1 0.329682 0.245205 0.0596483 0.0848499 0.00440966
ac031c0c-photo-1588198154890-00e74bc72f20 1 0.693112 0.440912 0.0445773 0.0712668 0.00446902
ac031c0c-photo-1588198154890-00e74bc72f20 1 0.210203 0.620527 0.123583 0.0972924 0.00462499
ac031c0c-photo-1588198154890-00e74bc72f20 1 0.510546 0.37591 0.0889328 0.108289 0.00493891
ac031c0c-photo-1588198154890-00e74bc72f20 1 0.453412 0.179429 0.0449045 0.0594631 0.00505103
ac031c0c-photo-1588198154890-00e74bc72f20 1 0.420099 0.249567 0.0989526 0.124419 0.00512972
ac031c0c-photo-1588198154890-00e74bc72f20 1 0.018002 0.171087 0.036004 0.114916 0.00519476
ac031c0c-photo-1588198154890-00e74bc72f20 1 0.0986789 0 0.18171 0 0.00542636
ac031c0c-photo-1588198154890-00e74bc72f20 0 0.821701 0.590548 0.110724 0.103546 0.00556181
ac031c0c-photo-1588198154890-00e74bc72f20 1 0.625145 0.529072 0.079471 0.115349 0.00556579
ac031c0c-photo-1588198154890-00e74bc72f20 1 0.117661 0.343966 0.233238 0.687933 0.00559636
ac031c0c-photo-1588198154890-00e74bc72f20 1 0.949378 0.207503 0.100422 0.125482 0.0057205
ac031c0c-photo-1588198154890-00e74bc72f20 1 0.00648072 0.387203 0.0129614 0.0540998 0.00603435
ac031c0c-photo-1588198154890-00e74bc72f20 1 0.0144347 0.198867 0.0273076 0.397733 0.00604064
ac031c0c-photo-1588198154890-00e74bc72f20 1 0.0183941 0.122037 0.0367881 0.238354 0.0060423
ac031c0c-photo-1588198154890-00e74bc72f20 1 0.486358 0.345982 0.0257645 0.0339938 0.00614265
ac031c0c-photo-1588198154890-00e74bc72f20 1 0.465242 0.180129 0.0686548 0.0680078 0.00715762
ac031c0c-photo-1588198154890-00e74bc72f20 1 0.823632 0.58797 0.114387 0.107559 0.00722285
ac031c0c-photo-1588198154890-00e74bc72f20 1 0.185613 0.313152 0.083294 0.0731834 0.00725637
ac031c0c-photo-1588198154890-00e74bc72f20 1 0.525492 0.222839 0.0456671 0.0997321 0.00762603
ac031c0c-photo-1588198154890-00e74bc72f20 1 0.45473 0.197109 0.086301 0.0968213 0.00777183
ac031c0c-photo-1588198154890-00e74bc72f20 0 0.970407 0.36141 0.0588242 0.207483 0.0086548
ac031c0c-photo-1588198154890-00e74bc72f20 1 0.431706 0.199024 0.0792626 0.0901168 0.00939623
ac031c0c-photo-1588198154890-00e74bc72f20 1 0.690445 0.216013 0.072747 0.0945705 0.0103946
ac031c0c-photo-1588198154890-00e74bc72f20 1 0.442186 0.126153 0.281849 0.213434 0.0107093
ac031c0c-photo-1588198154890-00e74bc72f20 1 0.66659 0.214658 0.115758 0.0979161 0.0120654
ac031c0c-photo-1588198154890-00e74bc72f20 1 0.499495 0.14856 0.39964 0.257785 0.0121658
ac031c0c-photo-1588198154890-00e74bc72f20 1 0.254501 0.0938882 0.0670614 0.144914 0.0124637
ac031c0c-photo-1588198154890-00e74bc72f20 1 0.330526 0.277335 0.0533434 0.134672 0.0125688
ac031c0c-photo-1588198154890-00e74bc72f20 1 0.773382 0.353204 0.445288 0.579425 0.0139504
ac031c0c-photo-1588198154890-00e74bc72f20 1 0.648704 0.447839 0.194875 0.271675 0.0159181
ac031c0c-photo-1588198154890-00e74bc72f20 1 0.519688 0.205636 0.0561916 0.0707276 0.0166235
ac031c0c-photo-1588198154890-00e74bc72f20 1 0.411631 0.0774467 0.076425 0.0624099 0.0212277
ac031c0c-photo-1588198154890-00e74bc72f20 1 0.195048 0.337538 0.107408 0.12553 0.0225346
ac031c0c-photo-1588198154890-00e74bc72f20 1 0.53218 0.435419 0.092021 0.10138 0.0238187
ac031c0c-photo-1588198154890-00e74bc72f20 1 0.963612 0.557293 0.0715576 0.0908802 0.02497
ac031c0c-photo-1588198154890-00e74bc72f20 1 0.130219 0.160174 0.260439 0.320348 0.0263816
ac031c0c-photo-1588198154890-00e74bc72f20 0 0.982565 0.339779 0.0348696 0.288042 0.0308795
ac031c0c-photo-1588198154890-00e74bc72f20 1 0.441214 0.446631 0.111164 0.0910397 0.0358452
ac031c0c-photo-1588198154890-00e74bc72f20 1 0.441194 0.417074 0.882387 0.834149 0.0367717
ac031c0c-photo-1588198154890-00e74bc72f20 1 0.703431 0.491673 0.0669767 0.101385 0.0454968
ac031c0c-photo-1588198154890-00e74bc72f20 1 0.618598 0.244104 0.11885 0.0922021 0.0477171
ac031c0c-photo-1588198154890-00e74bc72f20 1 0.125754 0.0741532 0.251508 0.148306 0.052859
ac031c0c-photo-1588198154890-00e74bc72f20 1 0.0767306 0.164199 0.15178 0.328398 0.0645983
ac031c0c-photo-1588198154890-00e74bc72f20 1 0.442459 0.235543 0.143388 0.153798 0.0788224
ac031c0c-photo-1588198154890-00e74bc72f20 1 0.845925 0.210872 0.308149 0.284484 0.187408
ac031c0c-photo-1588198154890-00e74bc72f20 1 0.214585 0.357553 0.067343 0.094203 0.262678
ac031c0c-photo-1588198154890-00e74bc72f20 1 0.342443 0.108218 0.076038 0.156016 0.350599
ac031c0c-photo-1588198154890-00e74bc72f20 1 0.0747318 0.723382 0.146907 0.219153 0.360251
ac031c0c-photo-1588198154890-00e74bc72f20 1 0.403978 0.11029 0.203974 0.172714 0.600883
ac031c0c-photo-1588198154890-00e74bc72f20 1 0.62525 0.230102 0.210197 0.120579 0.83064
ac031c0c-photo-1588198154890-00e74bc72f20 0 0.661501 0.873943 0.169524 0.109802 0.948872
ada1648b-photo-1595067312884-49c3d38245c4 0 0.223111 0.273165 0.28956 0.256655 0.00103991
ada1648b-photo-1595067312884-49c3d38245c4 0 0.837619 0.0655861 0.324761 0.131172 0.00109904
ada1648b-photo-1595067312884-49c3d38245c4 0 0.5604 0.126833 0.752551 0.253667 0.00115064
ada1648b-photo-1595067312884-49c3d38245c4 0 0.295121 0.480061 0.590243 0.533696 0.00195062
ada1648b-photo-1595067312884-49c3d38245c4 0 0.742956 0.0553122 0.510693 0.110624 0.00199678
ada1648b-photo-1595067312884-49c3d38245c4 0 0.164134 0.29876 0.318291 0.252093 0.00727477
ada1648b-photo-1595067312884-49c3d38245c4 0 0.673332 0.451515 0.536716 0.368377 0.0232258
ada1648b-photo-1595067312884-49c3d38245c4 0 0.11482 0.30567 0.204575 0.207931 0.072339
ada1648b-photo-1595067312884-49c3d38245c4 0 0.363828 0.620943 0.628613 0.242148 0.112034
ada1648b-photo-1595067312884-49c3d38245c4 0 0.398713 0.56722 0.797425 0.361118 0.335637
ada1648b-photo-1595067312884-49c3d38245c4 0 0.585757 0.500666 0.734637 0.469637 0.43036
ada1648b-photo-1595067312884-49c3d38245c4 0 0.312418 0.293053 0.559747 0.296921 0.853509
ada315c6-photo-1558206356-8cd5d80de0de 0 0.747407 0.503576 0.246584 0.261253 0.00111751
ada315c6-photo-1558206356-8cd5d80de0de 0 0.269863 0.363715 0.15258 0.347419 0.00125813
ada315c6-photo-1558206356-8cd5d80de0de 1 0.249625 0.289331 0.321544 0.489367 0.045012
ada315c6-photo-1558206356-8cd5d80de0de 0 0.21635 0.290608 0.25994 0.487045 0.164171
ada315c6-photo-1558206356-8cd5d80de0de 0 0.684462 0.574863 0.366781 0.41061 0.891299
ada4894a-photo-1581538300037-7b2677ffee60 0 0.5717 0.980263 0.76517 0.0394742 0.0010069
ada4894a-photo-1581538300037-7b2677ffee60 0 0.375411 0.674416 0.746521 0.593555 0.00101479
ada4894a-photo-1581538300037-7b2677ffee60 0 0.25637 0.568068 0.462313 0.194684 0.00102148
ada4894a-photo-1581538300037-7b2677ffee60 0 0.372877 0.424544 0.745571 0.487779 0.742809
af0d294c-photo-1527539617617-76852f5d570b 0 0.488127 0.969174 0.757324 0.0616528 0.00103247
af0d294c-photo-1527539617617-76852f5d570b 0 0.5 0.572954 1 0.845354 0.00198747
af0d294c-photo-1527539617617-76852f5d570b 1 0.542016 0.0972576 0.378297 0.120691 0.00314288
af0d294c-photo-1527539617617-76852f5d570b 1 0.832209 0.331993 0.335582 0.240722 0.00365234
af0d294c-photo-1527539617617-76852f5d570b 0 0.55901 0.508938 0.88198 0.975762 0.0119833
af0d294c-photo-1527539617617-76852f5d570b 1 0.241998 0.38993 0.470767 0.390139 0.048071
af0d294c-photo-1527539617617-76852f5d570b 1 0.429061 0.102687 0.14214 0.0920093 0.852346
b141c104-image_16 0 0.322862 0.431062 0.428425 0.479602 0.00137544
b141c104-image_16 0 0.61736 0.698895 0.757133 0.503048 0.00140931
b141c104-image_16 0 0.05943 0.86531 0.11886 0.26938 0.00181764
b141c104-image_16 0 0.332454 0.580435 0.445621 0.768317 0.0588302
b141c104-image_16 0 0.524195 0.588023 0.942454 0.750941 0.74274
b1d70248-photo-1579444798661-ce60beaa0413 0 0.486525 0.348289 0.722843 0.308797 0.00117828
b1d70248-photo-1579444798661-ce60beaa0413 1 0.0429272 0.230759 0.0858544 0.451869 0.00124225
b1d70248-photo-1579444798661-ce60beaa0413 1 0.687931 0.498842 0.371251 0.340385 0.00130065
b1d70248-photo-1579444798661-ce60beaa0413 0 0.495383 0.0970949 0.983025 0.19419 0.00182455
b1d70248-photo-1579444798661-ce60beaa0413 0 0.495504 0.277858 0.738556 0.173672 0.00733982
b1d70248-photo-1579444798661-ce60beaa0413 0 0.504347 0.23419 0.982562 0.468379 0.0117962
b1d70248-photo-1579444798661-ce60beaa0413 0 0.498887 0.443799 0.73693 0.497431 0.144501
b1d70248-photo-1579444798661-ce60beaa0413 1 0.499786 0.449172 0.759917 0.473756 0.200665
b1d70248-photo-1579444798661-ce60beaa0413 1 0.502524 0.600306 0.916537 0.799388 0.315064
b1d70248-photo-1579444798661-ce60beaa0413 0 0.51677 0.597707 0.768147 0.803859 0.366965
b2f8ee01-photo-1604082668185-e8a2d4f6cc99 1 0.632429 0.356671 0.729799 0.713342 0.00116599
b2f8ee01-photo-1604082668185-e8a2d4f6cc99 1 0.449967 0.0169717 0.106922 0.0339434 0.00126918
b2f8ee01-photo-1604082668185-e8a2d4f6cc99 1 0.427286 0.0738132 0.63657 0.146573 0.00155978
b2f8ee01-photo-1604082668185-e8a2d4f6cc99 1 0.52336 0.561778 0.331811 0.270167 0.886871
b60f9c21-photo-1586276633990-fb6092e2de01 2 0.465347 0.40011 0.151169 0.514328 0.0010517
b60f9c21-photo-1586276633990-fb6092e2de01 0 0.102925 0.881344 0.205849 0.237312 0.00117958
b60f9c21-photo-1586276633990-fb6092e2de01 0 0.985951 0.603097 0.027456 0.103813 0.00193555
b60f9c21-photo-1586276633990-fb6092e2de01 0 0.985162 0.499873 0.0296754 0.33025 0.00219963
b60f9c21-photo-1586276633990-fb6092e2de01 0 0.484151 0.455837 0.183238 0.625495 0.923945
b8266ef5-photo-1560190929-c3a0e7db1d7d 1 0.611287 0.459274 0.404722 0.457274 0.00111633
b8266ef5-photo-1560190929-c3a0e7db1d7d 1 0.986252 0.862055 0.027496 0.27589 0.00125157
b8266ef5-photo-1560190929-c3a0e7db1d7d 1 0.701583 0.469544 0.454708 0.509054 0.00246519
b8266ef5-photo-1560190929-c3a0e7db1d7d 1 0.750929 0.363245 0.498142 0.675987 0.00502817
b8266ef5-photo-1560190929-c3a0e7db1d7d 1 0.398051 0.314685 0.283234 0.226749 0.00723132
b8266ef5-photo-1560190929-c3a0e7db1d7d 1 0.542894 0.510419 0.239989 0.518198 0.935924
b8266ef5-photo-1560190929-c3a0e7db1d7d 1 0.402072 0.482859 0.267904 0.560793 0.950075
b86ddbbb-photo-1581074429373-ccb7e514d54b 0 0.180895 0.842531 0.361789 0.314938 0.00130406
b86ddbbb-photo-1581074429373-ccb7e514d54b 0 0.643222 0.950651 0.713556 0.0986985 0.00156011
b86ddbbb-photo-1581074429373-ccb7e514d54b 0 0.845693 0.885895 0.308614 0.22821 0.00289106
b86ddbbb-photo-1581074429373-ccb7e514d54b 0 0.72094 0.843761 0.55812 0.312477 0.00876047
b86ddbbb-photo-1581074429373-ccb7e514d54b 0 0.721102 0.918553 0.557795 0.162894 0.0121711
b86ddbbb-photo-1581074429373-ccb7e514d54b 0 0.742804 0.560249 0.51336 0.879503 0.0130899
b86ddbbb-photo-1581074429373-ccb7e514d54b 0 0.235601 0.685562 0.471202 0.628875 0.866887
baa24d78-photo-1583860247580-e492d2b9186d 1 0.51627 0.385121 0.55549 0.473757 0.0011987
baa24d78-photo-1583860247580-e492d2b9186d 1 0.334533 0.62944 0.447927 0.293591 0.00124818
baa24d78-photo-1583860247580-e492d2b9186d 1 0.366092 0.535713 0.503701 0.465152 0.00217647
baa24d78-photo-1583860247580-e492d2b9186d 1 0.454139 0.549876 0.704835 0.7947 0.905976
bad90450-photo-1562224347-aabe787839a6 1 0.0647694 0.524971 0.129539 0.692576 0.0012092
bad90450-photo-1562224347-aabe787839a6 1 0.629261 0.595072 0.740263 0.52552 0.00129924
bad90450-photo-1562224347-aabe787839a6 1 0.01471 0.622703 0.0276997 0.713642 0.00157867
bad90450-photo-1562224347-aabe787839a6 0 0.459421 0.729592 0.915697 0.540817 0.00259437
bad90450-photo-1562224347-aabe787839a6 1 0.784789 0.543386 0.430422 0.687657 0.00428247
bad90450-photo-1562224347-aabe787839a6 1 0.0273312 0.508634 0.0543194 0.781386 0.00618382
bad90450-photo-1562224347-aabe787839a6 1 0.520737 0.551625 0.552576 0.699042 0.90711
bcdbde3e-photo-1549479047-7af9b52e5bc2 0 0.673309 0.702449 0.49758 0.374094 0.0010318
bcdbde3e-photo-1549479047-7af9b52e5bc2 0 0.138195 0.215101 0.228594 0.224075 0.00117448
bcdbde3e-photo-1549479047-7af9b52e5bc2 1 0.993361 0.271947 0.0130989 0.127959 0.0013014
bcdbde3e-photo-1549479047-7af9b52e5bc2 1 0.94895 0.807232 0.101258 0.132796 0.00131443
bcdbde3e-photo-1549479047-7af9b52e5bc2 1 0.984549 0.530026 0.0309022 0.253109 0.00141972
bcdbde3e-photo-1549479047-7af9b52e5bc2 1 0.778155 0.343751 0.433521 0.458924 0.00145167
bcdbde3e-photo-1549479047-7af9b52e5bc2 1 0.964536 0.508473 0.0706494 0.454493 0.00145718
bcdbde3e-photo-1549479047-7af9b52e5bc2 1 0.121432 0.984276 0.24229 0.0314478 0.00146931
bcdbde3e-photo-1549479047-7af9b52e5bc2 1 0.0745615 0.980731 0.149123 0.0385382 0.00148677
bcdbde3e-photo-1549479047-7af9b52e5bc2 0 0.765275 0.354429 0.465375 0.441761 0.00153653
bcdbde3e-photo-1549479047-7af9b52e5bc2 1 0.946556 0.224437 0.106528 0.448874 0.00160198
bcdbde3e-photo-1549479047-7af9b52e5bc2 0 0.119045 0.306222 0.237408 0.342806 0.00161363
bcdbde3e-photo-1549479047-7af9b52e5bc2 0 0.273383 0.193655 0.312319 0.266837 0.00163855
bcdbde3e-photo-1549479047-7af9b52e5bc2 1 0.908611 0.232704 0.182596 0.434986 0.0016418
bcdbde3e-photo-1549479047-7af9b52e5bc2 0 0.123673 0.497576 0.246145 0.400987 0.00174303
bcdbde3e-photo-1549479047-7af9b52e5bc2 1 0.0209624 0.968818 0.0418008 0.0623632 0.00182683
bcdbde3e-photo-1549479047-7af9b52e5bc2 1 0.974037 0.5384 0.0517449 0.275289 0.00191028
bcdbde3e-photo-1549479047-7af9b52e5bc2 1 0.95754 0.551671 0.0843451 0.17753 0.00200362
bcdbde3e-photo-1549479047-7af9b52e5bc2 1 0.968726 0.348651 0.0619215 0.200955 0.00203885
bcdbde3e-photo-1549479047-7af9b52e5bc2 0 0.588232 0.360888 0.817488 0.449446 0.00222668
bcdbde3e-photo-1549479047-7af9b52e5bc2 0 0.533984 0.604779 0.303707 0.144086 0.00237741
bcdbde3e-photo-1549479047-7af9b52e5bc2 1 0.742179 0.773415 0.313225 0.231802 0.00250801
bcdbde3e-photo-1549479047-7af9b52e5bc2 0 0.544361 0.577944 0.279557 0.455099 0.0025726
bcdbde3e-photo-1549479047-7af9b52e5bc2 1 0.985048 0.246261 0.0299046 0.492523 0.002654
bcdbde3e-photo-1549479047-7af9b52e5bc2 1 0.56969 0.335525 0.1385 0.357022 0.00272069
bcdbde3e-photo-1549479047-7af9b52e5bc2 0 0.558321 0.497276 0.883357 0.734231 0.00281452
bcdbde3e-photo-1549479047-7af9b52e5bc2 1 0.621849 0.353299 0.753083 0.438184 0.00283524
bcdbde3e-photo-1549479047-7af9b52e5bc2 1 0.963954 0.597538 0.0714489 0.123758 0.00330784
bcdbde3e-photo-1549479047-7af9b52e5bc2 1 0.450708 0.328701 0.253531 0.321077 0.00340444
bcdbde3e-photo-1549479047-7af9b52e5bc2 1 0.867663 0.289099 0.264675 0.346145 0.00405
bcdbde3e-photo-1549479047-7af9b52e5bc2 1 0.978876 0.320846 0.0422474 0.264946 0.00706051
bcdbde3e-photo-1549479047-7af9b52e5bc2 1 0.0887197 0.87094 0.175872 0.248576 0.00804746
bcdbde3e-photo-1549479047-7af9b52e5bc2 1 0.98654 0.305979 0.0269195 0.279537 0.0116074
bcdbde3e-photo-1549479047-7af9b52e5bc2 0 0.542335 0.671826 0.29112 0.285787 0.0119659
bcdbde3e-photo-1549479047-7af9b52e5bc2 1 0.766607 0.750819 0.256053 0.167899 0.011972
bcdbde3e-photo-1549479047-7af9b52e5bc2 0 0.346751 0.548948 0.617227 0.747613 0.0131152
bcdbde3e-photo-1549479047-7af9b52e5bc2 1 0.123732 0.90071 0.246749 0.189899 0.0136646
bcdbde3e-photo-1549479047-7af9b52e5bc2 0 0.49639 0.575433 0.360813 0.69142 0.0165007
bcdbde3e-photo-1549479047-7af9b52e5bc2 1 0.493975 0.629852 0.38691 0.578917 0.0175258
bcdbde3e-photo-1549479047-7af9b52e5bc2 0 0.485128 0.714037 0.408528 0.409633 0.0218247
bcdbde3e-photo-1549479047-7af9b52e5bc2 1 0.126639 0.38514 0.246953 0.162791 0.104369
bcdbde3e-photo-1549479047-7af9b52e5bc2 1 0.386964 0.291607 0.125765 0.254522 0.171474
bcdbde3e-photo-1549479047-7af9b52e5bc2 1 0.912789 0.337322 0.174422 0.217831 0.215178
bcdbde3e-photo-1549479047-7af9b52e5bc2 1 0.511514 0.337394 0.229247 0.339059 0.223515
bcdbde3e-photo-1549479047-7af9b52e5bc2 1 0.417506 0.71277 0.248748 0.417894 0.417193
bcdbde3e-photo-1549479047-7af9b52e5bc2 0 0.124374 0.385192 0.248748 0.162054 0.444467
bcdbde3e-photo-1549479047-7af9b52e5bc2 1 0.489744 0.390092 0.18355 0.235908 0.452613
bcdbde3e-photo-1549479047-7af9b52e5bc2 0 0.186459 0.210212 0.132347 0.215447 0.848524
c4b64774-photo-1584991934159-00e3771243c3 2 0.0638925 0.939133 0.126937 0.121139 0.00131692
c4b64774-photo-1584991934159-00e3771243c3 2 0.0236901 0.847372 0.0461153 0.305257 0.00139972
c4b64774-photo-1584991934159-00e3771243c3 0 0.5 0.310729 1 0.621457 0.00172268
c4b64774-photo-1584991934159-00e3771243c3 0 0.0658751 0.984946 0.13175 0.0290451 0.00177463
c4b64774-photo-1584991934159-00e3771243c3 1 0.0179242 0.363878 0.0358483 0.403063 0.00182994
c4b64774-photo-1584991934159-00e3771243c3 2 0.0387909 0.869521 0.0768752 0.260957 0.00221392
c4b64774-photo-1584991934159-00e3771243c3 1 0.703199 0.372737 0.593603 0.55162 0.00297388
c4b64774-photo-1584991934159-00e3771243c3 2 0.0680051 0.889484 0.135368 0.221032 0.00304448
c4b64774-photo-1584991934159-00e3771243c3 0 0.139547 0.985163 0.271433 0.0273121 0.00373421
c4b64774-photo-1584991934159-00e3771243c3 1 0.501861 0.675159 0.978125 0.649681 0.0230124
c4b64774-photo-1584991934159-00e3771243c3 1 0.689913 0.49404 0.317397 0.275185 0.882508
c4b64774-photo-1584991934159-00e3771243c3 1 0.395379 0.486584 0.370386 0.269729 0.908972
c75ba6c6-photo-1593720440805-c637694b4ea8 1 0.522074 0.659835 0.955852 0.652623 0.00113251
c75ba6c6-photo-1593720440805-c637694b4ea8 0 0.494083 0.981912 0.828967 0.0355935 0.00236188
c75ba6c6-photo-1593720440805-c637694b4ea8 1 0.424954 0.512554 0.693124 0.40323 0.914998
c7afe0e2-photo-1525535136511-e730793ef1a5 0 0.833599 0.933689 0.332802 0.132622 0.00109523
c7afe0e2-photo-1525535136511-e730793ef1a5 0 0.77699 0.969841 0.446021 0.0603184 0.0013759
c7afe0e2-photo-1525535136511-e730793ef1a5 1 0.526114 0.688606 0.239423 0.338582 0.918089
c9de2d64-photo-1534695941753-73cf13435eb4 1 0.304917 0.984786 0.479773 0.0280861 0.00101882
c9de2d64-photo-1534695941753-73cf13435eb4 1 0.198492 0.319266 0.396985 0.275513 0.00118817
c9de2d64-photo-1534695941753-73cf13435eb4 1 0.637978 0.981146 0.140827 0.0377073 0.00119305
c9de2d64-photo-1534695941753-73cf13435eb4 1 0.656611 0.982758 0.225638 0.0342703 0.00126088
c9de2d64-photo-1534695941753-73cf13435eb4 1 0.273924 0.464542 0.406391 0.474824 0.00128172
c9de2d64-photo-1534695941753-73cf13435eb4 1 0.762393 0.984488 0.153818 0.0310242 0.00152083
c9de2d64-photo-1534695941753-73cf13435eb4 1 0.180994 0.985375 0.301705 0.0273037 0.0016456
c9de2d64-photo-1534695941753-73cf13435eb4 1 0.515457 0.984501 0.398662 0.0290474 0.00165475
c9de2d64-photo-1534695941753-73cf13435eb4 1 0.222948 0.225629 0.445897 0.219226 0.00165956
c9de2d64-photo-1534695941753-73cf13435eb4 1 0.58503 0.983335 0.217283 0.033068 0.00203445
c9de2d64-photo-1534695941753-73cf13435eb4 1 0.690933 0.972404 0.164795 0.0551921 0.00220097
c9de2d64-photo-1534695941753-73cf13435eb4 1 0.218749 0.319929 0.437498 0.202183 0.00295816
c9de2d64-photo-1534695941753-73cf13435eb4 1 0.820075 0.986998 0.231134 0.0260033 0.00300988
c9de2d64-photo-1534695941753-73cf13435eb4 1 0.431047 0.265253 0.625166 0.222354 0.00312687
c9de2d64-photo-1534695941753-73cf13435eb4 1 0.198433 0.985257 0.177356 0.0294861 0.00319601
c9de2d64-photo-1534695941753-73cf13435eb4 1 0.221496 0.370287 0.442992 0.300616 0.00323798
c9de2d64-photo-1534695941753-73cf13435eb4 1 0.430171 0.853042 0.228198 0.0678074 0.00386005
c9de2d64-photo-1534695941753-73cf13435eb4 1 0.39115 0.549623 0.545027 0.650336 0.00745329
c9de2d64-photo-1534695941753-73cf13435eb4 1 0.438171 0.358193 0.629578 0.275402 0.016247
c9de2d64-photo-1534695941753-73cf13435eb4 1 0.547354 0.54806 0.905292 0.678388 0.875966
e460nx 1 0.166816 0.984418 0.333531 0.0287529 0.00130463
e460nx 1 0.756156 0.983967 0.483332 0.0285296 0.00249209
e460nx 2 0.496164 0.49477 0.76403 0.647958 0.931598
ebrj9c 2 0.353431 0.64855 0.655547 0.589571 0.801979
ebrj9c 2 0.80667 0.4982 0.38666 0.922115 0.951319
ebrj9m 2 0.288064 0.510313 0.564295 0.288495 0.00102039
ebrj9m 2 0.40047 0.327102 0.463735 0.566702 0.00103871
ebrj9m 0 0.485319 0.591617 0.953808 0.377572 0.00104209
ebrj9m 2 0.0510004 0.241769 0.102001 0.483539 0.00110605
ebrj9m 2 0.0282529 0.356252 0.0559483 0.388563 0.00149421
ebrj9m 2 0.984892 0.411441 0.030216 0.43352 0.00167412
ebrj9m 2 0.65809 0.382338 0.426692 0.526231 0.0020805
ebrj9m 2 0.116729 0.0725219 0.232668 0.145044 0.00211272
ebrj9m 2 0.0640095 0.0387853 0.104457 0.0775706 0.0023875
ebrj9m 0 0.488525 0.586496 0.97705 0.653103 0.00251278
ebrj9m 2 0.122469 0.0355367 0.236457 0.0710735 0.00447097
ebrj9m 2 0.296901 0.341882 0.261862 0.357309 0.0741466
ebrj9m 1 0.689696 0.403777 0.361584 0.487547 0.548969
ebrj9m 2 0.220077 0.406727 0.440154 0.486506 0.631955
ebrj9m 2 0.529103 0.343855 0.197575 0.601222 0.717578
em49w6 2 0.985488 0.304581 0.0290244 0.443263 0.00105182
em49w6 0 0.490755 0.545977 0.98151 0.80414 0.00162292
em49w6 2 0.703513 0.489876 0.467661 0.649761 0.932624
em4ad3 1 0.0299652 0.138941 0.0595505 0.277883 0.00106093
em4ad3 1 0.0510218 0.084408 0.100758 0.168816 0.00121577
em4ad3 0 0.908691 0.219899 0.182617 0.439799 0.00122429
em4ad3 2 0.931216 0.123909 0.137567 0.247356 0.00128385
em4ad3 1 0.412282 0.438193 0.824564 0.826502 0.00136804
em4ad3 0 0.420905 0.232896 0.841811 0.465793 0.00138402
em4ad3 2 0.639525 0.605884 0.278794 0.365236 0.00152381
em4ad3 0 0.611665 0.0820196 0.721809 0.163964 0.00158229
em4ad3 0 0.120328 0.0845485 0.240655 0.169097 0.00175221
em4ad3 1 0.0868043 0.083796 0.171424 0.167592 0.00191099
em4ad3 2 0.698131 0.389105 0.59203 0.77821 0.0023718
em4ad3 0 0.12903 0.171605 0.25806 0.343209 0.00255264
em4ad3 0 0.506536 0.253677 0.274883 0.188044 0.00355872
em4ad3 2 0.49205 0.255083 0.245552 0.193607 0.00610451
em4ad3 0 0.71764 0.270961 0.564721 0.541921 0.00818363
em4ad3 0 0.404822 0.0797646 0.809643 0.159529 0.00835751
em4ad3 2 0.55676 0.45867 0.379019 0.605802 0.0280692
em4ad3 0 0.222479 0.0860797 0.444957 0.172159 0.0394191
em4ad3 0 0.845279 0.123398 0.306469 0.246796 0.108846
em4ad3 0 0.922009 0.128458 0.155946 0.256916 0.110772
em4ad3 0 0.719191 0.108306 0.556541 0.216611 0.162385
em4ad3 2 0.611769 0.524494 0.331773 0.522953 0.760976
ercn9c 1 0.0142142 0.549219 0.0272528 0.682181 0.00105702
ercn9c 1 0.0634627 0.5901 0.126925 0.703559 0.00112993
ercn9c 1 0.014578 0.375185 0.0283828 0.658857 0.00121063
ercn9c 1 0.0139363 0.736737 0.0263045 0.526526 0.0013815
ercn9c 1 0.0385777 0.348379 0.0767781 0.685412 0.00189224
ercn9c 1 0.0272065 0.538989 0.0541966 0.781759 0.00876847
ercn9c 1 0.637115 0.606327 0.704041 0.674048 0.829645
f3c042 1 0.0130799 0.621368 0.0241248 0.363768 0.00103424
f3c042 2 0.982155 0.403167 0.0356901 0.561566 0.00112832
f3c042 1 0.0129493 0.609496 0.0242076 0.187403 0.00136157
f3c042 0 0.575084 0.473485 0.7564 0.835179 0.811506
f3c043 2 0.983 0.438021 0.0340001 0.445847 0.00105022
f3c043 2 0.965702 0.396456 0.0685952 0.638653 0.00136585
f3c043 2 0.954898 0.432797 0.0902032 0.865595 0.00199897
f3c043 2 0.0177048 0.591075 0.0354097 0.459884 0.00404342
f3c043 2 0.677257 0.477244 0.55684 0.608155 0.948653
f3c048 2 0.964522 0.76079 0.070475 0.287448 0.00103636
f3c048 2 0.985372 0.462963 0.0292557 0.461329 0.00124174
f3c048 2 0.553253 0.0203875 0.279332 0.040775 0.00139907
f3c048 2 0.0500096 0.322256 0.100019 0.598414 0.00158228
f3c048 2 0.0883347 0.295587 0.175714 0.591173 0.00166089
f3c048 2 0.694169 0.437655 0.611662 0.87531 0.00198613
f3c048 2 0.556084 0.0262425 0.511633 0.052485 0.00295436
f3c048 2 0.965294 0.65702 0.0672176 0.353259 0.00399895
f3c048 2 0.981231 0.538645 0.0375384 0.484357 0.00476353
f3c048 2 0.96463 0.541191 0.0685741 0.532516 0.0101228
f3c048 2 0.578916 0.566369 0.379944 0.594998 0.89036
f3c049 2 0.515967 0.561474 0.381569 0.359895 0.00109865
f3c049 2 0.014348 0.231027 0.028205 0.462054 0.00118281
f3c049 2 0.216031 0.0336068 0.426475 0.0672136 0.00123862
f3c049 2 0.143215 0.0389294 0.285997 0.0778589 0.00152398
f3c049 2 0.0675726 0.426765 0.135145 0.85024 0.00164176
f3c049 2 0.983163 0.632673 0.0336741 0.517342 0.00223325
f3c049 2 0.88021 0.463295 0.239579 0.862183 0.00276107
f3c049 2 0.457562 0.431647 0.915124 0.863294 0.00286392
f3c049 2 0.959992 0.52549 0.0793949 0.372968 0.00313738
f3c049 1 0.9603 0.38152 0.0779407 0.329256 0.00318237
f3c049 2 0.116284 0.244805 0.231226 0.489609 0.0044121
f3c049 2 0.0624753 0.239071 0.124951 0.466037 0.00660512
f3c049 2 0.879676 0.282492 0.240648 0.550791 0.00734497
f3c049 2 0.6495 0.715295 0.411242 0.309447 0.00855602
f3c049 0 0.959575 0.436235 0.0806114 0.163524 0.00878464
f3c049 2 0.965921 0.62093 0.0681581 0.533944 0.00951896
f3c049 2 0.980648 0.25504 0.0387037 0.505837 0.0279369
f3c049 2 0.963508 0.465642 0.0719963 0.844152 0.0330526
f3c049 2 0.682197 0.44037 0.608977 0.880741 0.0948414
f3c049 2 0.964478 0.309857 0.0695003 0.474108 0.118808
f3c049 2 0.587065 0.622051 0.522289 0.489119 0.787995
f41gc8 1 0.593628 0.213867 0.783227 0.355157 0.0010361
f41gc8 1 0.599391 0.390196 0.792724 0.416407 0.00274846
f41gc8 1 0.599946 0.421513 0.800108 0.707078 0.00584623
f41gc8 2 0.571725 0.491456 0.763039 0.621093 0.882431
f41nhw 2 0.0776835 0.315806 0.155367 0.627277 0.00136599
f41nhw 2 0.131438 0.0653549 0.261389 0.13071 0.00140579
f41nhw 0 0.41932 0.576796 0.194516 0.31628 0.00175428
f41nhw 2 0.0245926 0.610214 0.0491852 0.555712 0.00201078
f41nhw 2 0.135952 0.636461 0.116008 0.149672 0.00235047
f41nhw 2 0.0160793 0.705154 0.0319995 0.269282 0.00245021
f41nhw 1 0.98666 0.889117 0.0266807 0.111516 0.00245928
f41nhw 2 0.107412 0.237143 0.213463 0.474287 0.00359263
f41nhw 2 0.0172628 0.654907 0.0332734 0.423999 0.00362513
f41nhw 2 0.0175222 0.755993 0.0350444 0.190111 0.00406479
f41nhw 2 0.0549084 0.499954 0.109817 0.597384 0.00497835
f41nhw 2 0.627569 0.648503 0.339398 0.430531 0.00847054
f41nhw 2 0.735373 0.652069 0.529253 0.431758 0.0941098
f41nhw 0 0.740241 0.657128 0.510729 0.436612 0.329787
f41nhw 2 0.415803 0.577046 0.197369 0.315718 0.806388
f41nhw 2 0.153916 0.454912 0.240101 0.521757 0.950496
f4bga1 2 0.205263 0.270467 0.139581 0.186476 0.00103861
f4bga1 2 0.487206 0.570748 0.4215 0.482338 0.00192659
f4bga1 2 0.0698273 0.276427 0.139386 0.552855 0.00195693
f4bga1 2 0.962123 0.257323 0.075754 0.514647 0.00205976
f4bga1 2 0.357068 0.409251 0.234283 0.46287 0.00213547
f4bga1 2 0.39121 0.707423 0.201883 0.114348 0.00234326
f4bga1 2 0.986386 0.279115 0.0272283 0.502996 0.00239948
f4bga1 2 0.980809 0.190131 0.0383816 0.380261 0.00241078
f4bga1 2 0.0329516 0.328704 0.06571 0.589343 0.00356014
f4bga1 2 0.295542 0.436899 0.197953 0.456095 0.00374713
f4bga1 2 0.49795 0.759084 0.10124 0.116844 0.0109674
f4bga1 2 0.40107 0.486897 0.414753 0.628254 0.400533
f4bga1 2 0.308996 0.473207 0.349937 0.598428 0.549293
f4bga1 2 0.549262 0.485909 0.327401 0.609308 0.916283
f4bga1 2 0.801086 0.464684 0.366019 0.629513 0.963666
f7tpyx 2 0.321389 0.0164298 0.328351 0.0328595 0.00103572
f7tpyx 2 0.987476 0.401865 0.0250482 0.469432 0.00111007
f7tpyx 0 0.0134064 0.649615 0.0268036 0.126867 0.00112402
f7tpyx 2 0.711579 0.0258042 0.442852 0.0516083 0.00112582
f7tpyx 2 0.977084 0.428878 0.0458326 0.488334 0.0012148
f7tpyx 2 0.133245 0.108962 0.266224 0.217924 0.00173688
f7tpyx 2 0.15005 0.030488 0.294763 0.0609759 0.00174905
f7tpyx 0 0.111028 0.671802 0.220472 0.208771 0.00204132
f7tpyx 2 0.686037 0.0181139 0.195277 0.0362278 0.00204583
f7tpyx 2 0.963433 0.510521 0.0731337 0.395158 0.00220114
f7tpyx 2 0.731915 0.477122 0.0889069 0.394741 0.00288629
f7tpyx 2 0.795884 0.490565 0.175847 0.431959 0.00414033
f7tpyx 2 0.621368 0.524395 0.303589 0.499297 0.00629512
f7tpyx 2 0.649256 0.515302 0.151411 0.38191 0.0147708
f7tpyx 2 0.672801 0.448416 0.135552 0.356674 0.015682
f7tpyx 2 0.876559 0.502244 0.174769 0.429847 0.021174
f7tpyx 2 0.760061 0.527986 0.34842 0.498134 0.0495767
f7tpyx 2 0.713825 0.514038 0.186053 0.471977 0.0849351
f7tpyx 2 0.827863 0.502521 0.280574 0.455786 0.580912
f7tpyx 2 0.673235 0.538957 0.183564 0.509319 0.596534
f7tpyx 2 0.548889 0.502003 0.173991 0.456877 0.710161
f7tpyx 2 0.416647 0.517665 0.31459 0.505424 0.885464
f7tr1k 2 0.57842 0.382655 0.14675 0.340375 0.00110453
f7tr1k 2 0.0198241 0.592577 0.0396482 0.088963 0.00122142
f7tr1k 2 0.964363 0.0244346 0.0452354 0.0487723 0.0013485
f7tr1k 2 0.119865 0.212391 0.239088 0.424781 0.00146313
f7tr1k 0 0.0191907 0.602047 0.0381633 0.136309 0.00149105
f7tr1k 2 0.909407 0.0297871 0.181186 0.0595741 0.00153636
f7tr1k 2 0.99062 0.052721 0.0185699 0.102741 0.00174671
f7tr1k 2 0.447114 0.383306 0.15497 0.325774 0.0020676
f7tr1k 2 0.0197985 0.538242 0.0395969 0.210413 0.00213043
f7tr1k 2 0.968828 0.0366063 0.0577299 0.0731086 0.00266318
f7tr1k 2 0.529443 0.455002 0.131714 0.438576 0.00394378
f7tr1k 2 0.0197973 0.585431 0.0395946 0.149965 0.00408992
f7tr1k 2 0.93533 0.0216857 0.111589 0.0433714 0.00463395
f7tr1k 2 0.0244838 0.478073 0.048693 0.547625 0.0047452
f7tr1k 2 0.959934 0.0232912 0.0801318 0.0465823 0.0159164
f7tr1k 2 0.0215076 0.507268 0.0430152 0.341809 0.0190473
f7tr1k 2 0.0162097 0.466977 0.0306169 0.436184 0.047688
f7tr1k 2 0.475762 0.470805 0.195363 0.494554 0.227862
f7tr1k 2 0.743718 0.430395 0.15036 0.47277 0.630722
f7tr1k 2 0.651354 0.460336 0.292692 0.488103 0.703432
f7tr1k 2 0.843734 0.422164 0.194094 0.421122 0.861127
f7tr1k 2 0.245429 0.471817 0.267988 0.491299 0.870723
f7tr1k 2 0.435398 0.506265 0.316772 0.56228 0.903539
