28006992-photo-1600329654155-9a798a51c5ce 0 0.4595588235294118 0.44007858546168954 0.6720588235294119 0.6915520628683693
29058544-photo-1595672234107-dbc792655abf 1 0.5281124497991968 0.4518664047151276 0.686746987951807 0.5697445972495087
308074031-480px 1 0.612040 0.480493 0.595318 0.829569
41018371-photo-1534627760265-69713192ade4 0 0.43193717277486904 0.5343811394891945 0.38481675392670156 0.4400785854616896
41018371-photo-1534627760265-69713192ade4 0 0.6825916230366492 0.4823182711198429 0.23691099476439792 0.3988212180746562
51931452-photo-1604761628391-e125981dcb3d 1 0.38111888111888126 0.5766208251473477 0.7622377622377625 0.46168958742632626
76912066-photo-1586276632510-a680c3db9a10 0 0.6243455497382199 0.4420432220039292 0.29319371727748683 0.1846758349705304
a0dcfb43-photo-1549216580-cdaa97339899 1 0.6651917404129793 0.5864440078585461 0.6637168141592921 0.4656188605108055
a1f6b1c9-photo-1531512423823-672893a2b91d 0 0.6166883963494133 0.6168958742632613 0.47196870925684486 0.349705304518664
a2723d1e-image_20 0 0.4316493313521545 0.5667976424361494 0.6849925705794948 0.5795677799607073
a408e8ce-photo-1551254539-1e77a07f02ff 1 0.6389244558258643 0.4793713163064834 0.41997439180537777 0.5540275049115915
aaadab5a-photo-1550686379-ab264a08f029 0 0.3174083769633508 0.47937131630648333 0.22643979057591623 0.4911591355599214
aaadab5a-photo-1550686379-ab264a08f029 0 0.493455497382199 0.668958742632613 0.3717277486910996 0.2730844793713163
ac031c0c-photo-1588198154890-00e74bc72f20 0 0.6609947643979058 0.8644400785854617 0.1701570680628272 0.09430255402750491
ada1648b-photo-1595067312884-49c3d38245c4 0 0.40379581151832433 0.5834970530451868 0.5746073298429315 0.3300589390962674
ada1648b-photo-1595067312884-49c3d38245c4 0 0.3056282722513089 0.2956777996070727 0.5589005235602095 0.2888015717092339
ada1648b-photo-1595067312884-49c3d38245c4 0 0.7022251308900522 0.4361493123772102 0.4803664921465968 0.29862475442043224
ada315c6-photo-1558206356-8cd5d80de0de 0 0.6858638743455497 0.5658153241650294 0.3664921465968585 0.4243614931237721
ada315c6-photo-1558206356-8cd5d80de0de 0 0.2604712041884817 0.2760314341846759 0.3795811518324607 0.5049115913555994
ada4894a-photo-1581538300037-7b2677ffee60 0 0.3952879581151833 0.5422396856581533 0.6963350785340314 0.4400785854616896
af0d294c-photo-1527539617617-76852f5d570b 1 0.4262536873156342 0.10117878192534381 0.12094395280235988 0.08840864440078584
b1d70248-photo-1579444798661-ce60beaa0413 0 0.5012285012285012 0.4390962671905697 0.7469287469287467 0.4734774066797641
b2f8ee01-photo-1604082668185-e8a2d4f6cc99 1 0.5265486725663717 0.5618860510805501 0.32153392330383485 0.2632612966601179
b60f9c21-photo-1586276633990-fb6092e2de01 0 0.4842931937172775 0.45481335952848717 0.19371727748691103 0.6070726915520627
b8266ef5-photo-1560190929-c3a0e7db1d7d 1 0.4020618556701031 0.47053045186640463 0.25920471281296026 0.5952848722986246
b8266ef5-photo-1560190929-c3a0e7db1d7d 1 0.543446244477172 0.5157170923379175 0.24447717231222396 0.5324165029469546
b86ddbbb-photo-1581074429373-ccb7e514d54b 0 0.23725490196078428 0.6915520628683695 0.46928104575163393 0.6011787819253437
baa24d78-photo-1583860247580-e492d2b9186d 1 0.4580152671755724 0.49999999999999983 0.6870229007633586 0.6817288801571706
bad90450-photo-1562224347-aabe787839a6 1 0.5143979057591623 0.5275049115913556 0.5575916230366492 0.7485265225933203
bcdbde3e-photo-1549479047-7af9b52e5bc2 1 0.18848167539267016 0.19744597249508844 0.16753926701570682 0.2337917485265226
bcdbde3e-photo-1549479047-7af9b52e5bc2 1 0.12696335078534032 0.39980353634577603 0.25392670157068065 0.21021611001964635
bcdbde3e-photo-1549479047-7af9b52e5bc2 1 0.3913612565445026 0.2897838899803536 0.12303664921465968 0.26915520628683687
bcdbde3e-photo-1549479047-7af9b52e5bc2 1 0.4862565445026179 0.39096267190569756 0.17408376963350786 0.2357563850687623
bcdbde3e-photo-1549479047-7af9b52e5bc2 1 0.40510471204188486 0.725933202357564 0.2342931937172775 0.4223968565815324
bcdbde3e-photo-1549479047-7af9b52e5bc2 1 0.6956806282722513 0.7563850687622788 0.35471204188481686 0.25147347740667975
bcdbde3e-photo-1549479047-7af9b52e5bc2 1 0.7238219895287957 0.4489194499017682 0.3115183246073298 0.24950884086444008
c4b64774-photo-1584991934159-00e3771243c3 1 0.38697788697788693 0.47347740667976423 0.3415233415233414 0.3025540275049116
c4b64774-photo-1584991934159-00e3771243c3 1 0.6953316953316953 0.4921414538310413 0.29975429975429974 0.2888015717092339
c75ba6c6-photo-1593720440805-c637694b4ea8 1 0.43006993006993 0.5029469548133595 0.6783216783216782 0.43222003929273084
c7afe0e2-photo-1525535136511-e730793ef1a5 1 0.525561097256858 0.6954813359528488 0.23815461346633415 0.3418467583497052
c9de2d64-photo-1534695941753-73cf13435eb4 1 0.5634218289085546 0.5550098231827111 0.8731563421828911 0.6581532416502947
e460nx 2 0.492205 0.493840 0.761693 0.638604
ebrj9c 2 0.796771 0.496920 0.368597 0.907598
ebrj9c 2 0.385301 0.656057 0.583519 0.597536
ebrj9c 2 0.243875 0.691992 0.398664 0.521561
ebrj9m 2 0.257238 0.457906 0.510022 0.443532
ebrj9m 2 0.307906 0.336756 0.257238 0.361396
em49w6 2 0.695434 0.489733 0.455457 0.638604
em4ad3 2 0.610802 0.525667 0.321826 0.521561
em4ad3 2 0.508909 0.342916 0.265033 0.381930
ercn9c 2 0.644209 0.600616 0.698218 0.679671
f3c042 2 0.511693 0.496920 0.662584 0.825462
f3c042 2 0.669265 0.419918 0.563474 0.741273
f3c043 2 0.677617 0.462012 0.560134 0.628337
f3c048 2 0.580735 0.563655 0.377506 0.577002
f3c049 2 0.582962 0.643737 0.542316 0.511294
f41gc8 2 0.576837 0.481520 0.748330 0.626283
f41nhw 2 0.154232 0.455852 0.234967 0.542094
f41nhw 2 0.422049 0.574949 0.180401 0.320329
f41nhw 2 0.723274 0.722793 0.526726 0.287474
f41nhw 2 0.672049 0.579055 0.277283 0.291581
f4bga1 2 0.291203 0.475359 0.321826 0.622177
f4bga1 2 0.413140 0.494867 0.438753 0.636550
f4bga1 2 0.545657 0.470226 0.322940 0.587269
f4bga1 2 0.805679 0.464066 0.353007 0.632444
f7tpyx 2 0.413140 0.517454 0.305122 0.501027
f7tpyx 2 0.555122 0.500000 0.179287 0.449692
f7tpyx 2 0.654788 0.556468 0.200445 0.455852
f7tpyx 2 0.713808 0.522587 0.220490 0.511294
f7tr1k 2 0.240535 0.468172 0.244989 0.488706
f7tr1k 2 0.436526 0.513347 0.302895 0.558522
f7tr1k 2 0.685412 0.463039 0.252784 0.511294
