75 2 0.121875 0.03263888888888889 0.0328125 0.05694444444444444
76 2 0.123046875 0.03125 0.02890625 0.05138888888888889
77 2 0.1265625 0.03125 0.0359375 0.05138888888888889
78 2 0.12578125 0.029861111111111113 0.0296875 0.05416666666666667
79 2 0.1265625 0.030555555555555555 0.03125 0.05555555555555555
80 2 0.128515625 0.03125 0.02734375 0.05416666666666667
81 2 0.128125 0.025694444444444443 0.03125 0.05138888888888889
82 2 0.129296875 0.025694444444444443 0.02890625 0.05138888888888889
83 2 0.129296875 0.029861111111111113 0.02734375 0.059722222222222225
84 2 0.13203125 0.029861111111111113 0.0296875 0.059722222222222225
85 2 0.133984375 0.03125 0.03515625 0.05694444444444444
86 2 0.137109375 0.030555555555555555 0.03046875 0.058333333333333334
87 2 0.138671875 0.03194444444444444 0.03359375 0.06111111111111111
88 2 0.140234375 0.03194444444444444 0.03046875 0.06111111111111111
89 2 0.141796875 0.030555555555555555 0.03359375 0.058333333333333334
90 2 0.143359375 0.03333333333333333 0.03046875 0.05555555555555555
91 2 0.143359375 0.03333333333333333 0.03046875 0.05555555555555555
92 2 0.14609375 0.03611111111111111 0.03125 0.06666666666666667
92 2 0.014453125 0.12013888888888889 0.02890625 0.14305555555555555
93 2 0.146875 0.03263888888888889 0.0328125 0.059722222222222225
93 2 0.013671875 0.11805555555555555 0.02734375 0.1388888888888889
94 2 0.15078125 0.03333333333333333 0.028125 0.06388888888888888
94 2 0.013671875 0.11597222222222223 0.02734375 0.14305555555555555
95 2 0.15078125 0.03263888888888889 0.028125 0.0625
95 2 0.01484375 0.11666666666666667 0.0296875 0.15
96 2 0.15390625 0.034722222222222224 0.034375 0.06388888888888888
96 2 0.014453125 0.12013888888888889 0.02890625 0.14305555555555555
97 2 0.154296875 0.034722222222222224 0.03359375 0.06388888888888888
97 2 0.0140625 0.11458333333333333 0.028125 0.14305555555555555
98 2 0.160546875 0.034722222222222224 0.03203125 0.06388888888888888
98 2 0.016015625 0.10208333333333333 0.03203125 0.1375
99 2 0.1609375 0.03611111111111111 0.0328125 0.06666666666666667
99 2 0.0171875 0.11875 0.034375 0.12916666666666668
100 2 0.1625 0.03680555555555556 0.03125 0.06527777777777778
100 2 0.019140625 0.11527777777777778 0.03828125 0.1361111111111111
101 2 0.16171875 0.03819444444444445 0.0296875 0.06805555555555555
101 2 0.019921875 0.10972222222222222 0.03984375 0.1388888888888889
102 2 0.165625 0.03888888888888889 0.0296875 0.06111111111111111
102 2 0.01796875 0.11388888888888889 0.0359375 0.12777777777777777
103 2 0.019140625 0.12222222222222222 0.03828125 0.13055555555555556
103 2 0.16796875 0.04583333333333333 0.03125 0.075
104 2 0.170703125 0.03333333333333333 0.03359375 0.06111111111111111
104 2 0.01953125 0.12777777777777777 0.0390625 0.14166666666666666
105 2 0.170703125 0.03680555555555556 0.03359375 0.0625
105 2 0.02109375 0.12361111111111112 0.0421875 0.16944444444444445
106 2 0.16875 0.041666666666666664 0.0328125 0.05277777777777778
106 2 0.02265625 0.12430555555555556 0.0453125 0.15416666666666667
107 2 0.176171875 0.034027777777777775 0.03359375 0.0625
107 2 0.019140625 0.11666666666666667 0.03828125 0.15
108 2 0.176953125 0.04027777777777778 0.03828125 0.06666666666666667
108 2 0.023046875 0.11944444444444445 0.04609375 0.15
109 2 0.180078125 0.04375 0.03046875 0.07083333333333333
109 2 0.025390625 0.12291666666666666 0.05078125 0.17083333333333334
110 2 0.18046875 0.03819444444444445 0.028125 0.07083333333333333
110 2 0.020703125 0.12430555555555556 0.04140625 0.1597222222222222
111 2 0.021484375 0.12361111111111112 0.04296875 0.17222222222222222
112 2 0.02578125 0.12777777777777777 0.0515625 0.15555555555555556
113 2 0.027734375 0.11388888888888889 0.05078125 0.14722222222222223
114 2 0.02890625 0.11597222222222223 0.0484375 0.15694444444444444
115 2 0.030078125 0.12361111111111112 0.03984375 0.16111111111111112
116 2 0.03125 0.10833333333333334 0.0453125 0.16666666666666666
117 2 0.034375 0.12013888888888889 0.0453125 0.15694444444444444
118 2 0.030078125 0.11388888888888889 0.04765625 0.15
119 2 0.03359375 0.11666666666666667 0.046875 0.15833333333333333
120 2 0.034375 0.12083333333333333 0.0421875 0.1527777777777778
121 2 0.033984375 0.11388888888888889 0.04453125 0.1638888888888889
122 2 0.03515625 0.11319444444444444 0.04375 0.1597222222222222
123 2 0.035546875 0.10694444444444444 0.04609375 0.14166666666666666
124 2 0.037890625 0.10833333333333334 0.04609375 0.15833333333333333
125 2 0.03984375 0.11597222222222223 0.05 0.16805555555555557
126 2 0.040625 0.11180555555555556 0.0453125 0.1486111111111111
127 2 0.041015625 0.11527777777777778 0.04609375 0.15555555555555556
128 2 0.0453125 0.11666666666666667 0.0375 0.1527777777777778
129 2 0.046875 0.11319444444444444 0.0421875 0.14583333333333334
130 2 0.04453125 0.1125 0.046875 0.14722222222222223
131 2 0.04296875 0.11180555555555556 0.04375 0.14583333333333334
132 2 0.04453125 0.1125 0.046875 0.14722222222222223
133 2 0.04453125 0.11458333333333333 0.04375 0.15416666666666667
134 2 0.047265625 0.11388888888888889 0.04296875 0.15833333333333333
135 2 0.0484375 0.11319444444444444 0.0453125 0.15694444444444444
136 2 0.047265625 0.1111111111111111 0.04609375 0.1527777777777778
137 2 0.047265625 0.11319444444444444 0.04609375 0.15694444444444444
138 2 0.04765625 0.10833333333333334 0.046875 0.15555555555555556
139 2 0.05078125 0.1111111111111111 0.046875 0.16111111111111112
140 2 0.053125 0.10833333333333334 0.0515625 0.16666666666666666
141 2 0.052734375 0.10902777777777778 0.05078125 0.16527777777777777
142 2 0.056640625 0.11527777777777778 0.04765625 0.15555555555555556
143 2 0.056640625 0.1125 0.04765625 0.1527777777777778
144 2 0.05703125 0.11041666666666666 0.053125 0.1625
145 2 0.058203125 0.09930555555555555 0.05390625 0.1736111111111111
146 2 0.061328125 0.11180555555555556 0.05078125 0.1486111111111111
147 2 0.057421875 0.10694444444444444 0.04609375 0.16666666666666666
148 2 0.062890625 0.11805555555555555 0.05234375 0.16666666666666666
149 2 0.0609375 0.11527777777777778 0.0453125 0.15833333333333333
150 2 0.06484375 0.12083333333333333 0.053125 0.1527777777777778
151 2 0.061328125 0.11805555555555555 0.05859375 0.16944444444444445
152 2 0.062109375 0.11458333333333333 0.05859375 0.16805555555555557
153 2 0.064453125 0.1125 0.05390625 0.15555555555555556
154 2 0.0640625 0.10902777777777778 0.0640625 0.1736111111111111
155 2 0.066015625 0.11458333333333333 0.06015625 0.15416666666666667
156 2 0.06875 0.11805555555555555 0.0640625 0.1527777777777778
157 2 0.06953125 0.12152777777777778 0.053125 0.15416666666666667
158 2 0.063671875 0.11944444444444445 0.05546875 0.15555555555555556
159 2 0.07265625 0.13055555555555556 0.053125 0.175
160 2 0.067578125 0.12986111111111112 0.05546875 0.19583333333333333
161 2 0.072265625 0.12638888888888888 0.04453125 0.20277777777777778
162 2 0.06875 0.12916666666666668 0.0484375 0.19444444444444445
163 2 0.071484375 0.13472222222222222 0.05859375 0.20555555555555555
164 2 0.074609375 0.12361111111111112 0.05546875 0.17222222222222222
165 2 0.072265625 0.12916666666666668 0.05234375 0.18888888888888888
166 2 0.07890625 0.14097222222222222 0.053125 0.1763888888888889
167 2 0.0765625 0.13402777777777777 0.0515625 0.19305555555555556
168 2 0.078125 0.1375 0.0578125 0.19444444444444445
169 2 0.08203125 0.1423611111111111 0.05 0.18194444444444444
170 2 0.0859375 0.15555555555555556 0.0578125 0.19166666666666668
171 2 0.08359375 0.15555555555555556 0.05 0.175
172 2 0.088671875 0.15416666666666667 0.06171875 0.21944444444444444
173 2 0.085546875 0.15208333333333332 0.04609375 0.16527777777777777
174 2 0.082421875 0.1451388888888889 0.04765625 0.19027777777777777
175 2 0.08515625 0.1597222222222222 0.04375 0.17777777777777778
176 2 0.084375 0.16180555555555556 0.0546875 0.19027777777777777
177 2 0.084765625 0.15625 0.04765625 0.1763888888888889
178 2 0.090625 0.15902777777777777 0.0421875 0.16805555555555557
179 2 0.0890625 0.1625 0.0515625 0.18333333333333332
180 2 0.091796875 0.17847222222222223 0.04609375 0.19583333333333333
181 2 0.09140625 0.17291666666666666 0.053125 0.16527777777777777
182 2 0.0953125 0.17152777777777778 0.0578125 0.17083333333333334
183 2 0.09609375 0.18333333333333332 0.0578125 0.18611111111111112
184 2 0.094140625 0.18541666666666667 0.04921875 0.1875
185 2 0.098828125 0.20208333333333334 0.05703125 0.2013888888888889
186 2 0.092578125 0.1986111111111111 0.05703125 0.18888888888888888
187 2 0.094140625 0.2076388888888889 0.06328125 0.18194444444444444
188 2 0.093359375 0.21666666666666667 0.05859375 0.18888888888888888
189 2 0.098828125 0.2152777777777778 0.06640625 0.2
190 2 0.10234375 0.22569444444444445 0.0625 0.19305555555555556
191 2 0.100390625 0.21597222222222223 0.05703125 0.1986111111111111
192 2 0.1 0.22430555555555556 0.0578125 0.1736111111111111
193 2 0.10546875 0.23819444444444443 0.0625 0.20416666666666666
194 2 0.10078125 0.22291666666666668 0.053125 0.16527777777777777
195 2 0.10390625 0.22708333333333333 0.059375 0.15416666666666667
196 2 0.103125 0.220139 0.05 0.1375
196 2 0.016015625 0.11666666666666667 0.03203125 0.13333333333333333
197 2 0.015234375 0.10625 0.03046875 0.1125
197 2 0.09765625 0.2465277777777778 0.0625 0.2152777777777778
198 2 0.10078125 0.25 0.0625 0.19444444444444445
198 2 0.013671875 0.1076388888888889 0.02734375 0.12916666666666668
199 2 0.1 0.2611111111111111 0.0578125 0.17777777777777778
199 2 0.014453125 0.10208333333333333 0.02890625 0.12083333333333333
200 2 0.104297 0.249306 0.0539063 0.154167
200 2 0.012109375 0.11666666666666667 0.02421875 0.11666666666666667
201 2 0.105078 0.256944 0.0601562 0.15
201 2 0.013671875 0.11180555555555556 0.02734375 0.13194444444444445
202 2 0.017578125 0.1111111111111111 0.03515625 0.1388888888888889
202 2 0.10703125 0.26805555555555555 0.0625 0.1527777777777778
203 2 0.016796875 0.12777777777777777 0.03359375 0.13055555555555556
203 2 0.1109375 0.28125 0.0671875 0.16527777777777777
204 2 0.015234375 0.12361111111111112 0.03046875 0.1361111111111111
204 2 0.11328125 0.2847222222222222 0.06875 0.14444444444444443
205 2 0.017578125 0.12361111111111112 0.03515625 0.15
205 2 0.11875 0.28125 0.0640625 0.14027777777777778
206 2 0.113672 0.269444 0.0601562 0.125
206 2 0.019140625 0.11388888888888889 0.03828125 0.15555555555555556
207 2 0.020703125 0.11319444444444444 0.04140625 0.12638888888888888
207 2 0.11484375 0.2875 0.059375 0.12777777777777777
208 2 0.020703125 0.11666666666666667 0.04140625 0.15555555555555556
208 2 0.11875 0.28958333333333336 0.0734375 0.12083333333333333
209 2 0.01953125 0.1125 0.034375 0.1388888888888889
209 2 0.11484375 0.30625 0.075 0.15138888888888888
210 2 0.02265625 0.1076388888888889 0.034375 0.1375
210 2 0.11640625 0.3194444444444444 0.065625 0.14722222222222223
211 2 0.0234375 0.10694444444444444 0.0390625 0.13333333333333333
211 2 0.119140625 0.3194444444444444 0.06484375 0.16666666666666666
212 2 0.022265625 0.10625 0.03828125 0.13194444444444445
212 2 0.120703125 0.3159722222222222 0.06484375 0.14583333333333334
213 2 0.0234375 0.1111111111111111 0.040625 0.1388888888888889
213 2 0.1265625 0.3215277777777778 0.0671875 0.14583333333333334
214 2 0.12421875 0.3194444444444444 0.06875 0.14722222222222223
214 2 0.0234375 0.1111111111111111 0.040625 0.1388888888888889
215 2 0.023828125 0.11041666666666666 0.04296875 0.1736111111111111
215 2 0.128125 0.32569444444444445 0.0671875 0.14583333333333334
216 2 0.025 0.10972222222222222 0.040625 0.1388888888888889
216 2 0.1296875 0.32708333333333334 0.0671875 0.14583333333333334
217 2 0.02578125 0.10833333333333334 0.040625 0.1388888888888889
217 2 0.1328125 0.33125 0.0671875 0.14583333333333334
218 2 0.02734375 0.10694444444444444 0.040625 0.1388888888888889
218 2 0.1359375 0.33541666666666664 0.0671875 0.14583333333333334
219 2 0.02890625 0.10555555555555556 0.040625 0.1388888888888889
219 2 0.1390625 0.33958333333333335 0.0671875 0.14583333333333334
220 2 0.028125 0.10555555555555556 0.0421875 0.16111111111111112
220 2 0.1421875 0.34375 0.0671875 0.14583333333333334
221 2 0.03125 0.10277777777777777 0.040625 0.1388888888888889
221 2 0.1453125 0.34791666666666665 0.0671875 0.14583333333333334
222 2 0.03125 0.09583333333333334 0.0421875 0.1527777777777778
222 2 0.146875 0.34930555555555554 0.0671875 0.14583333333333334
223 2 0.03203125 0.10277777777777777 0.040625 0.1388888888888889
223 2 0.1484375 0.35347222222222224 0.0671875 0.14583333333333334
224 2 0.03203125 0.10277777777777777 0.040625 0.1388888888888889
224 2 0.148046875 0.38055555555555554 0.07578125 0.17777777777777778
225 2 0.03203125 0.10416666666666667 0.040625 0.1388888888888889
225 2 0.1453125 0.38333333333333336 0.0796875 0.19444444444444445
226 2 0.03203125 0.10694444444444444 0.040625 0.1388888888888889
226 2 0.153125 0.36319444444444443 0.0671875 0.14583333333333334
227 2 0.0328125 0.10833333333333334 0.040625 0.1388888888888889
227 2 0.1546875 0.36736111111111114 0.0671875 0.14583333333333334
228 2 0.03359375 0.10833333333333334 0.040625 0.1388888888888889
228 2 0.15625 0.3659722222222222 0.0671875 0.14583333333333334
229 2 0.034375 0.10833333333333334 0.040625 0.1388888888888889
229 2 0.1578125 0.3701388888888889 0.0671875 0.14583333333333334
230 2 0.0359375 0.10694444444444444 0.040625 0.1388888888888889
230 2 0.1609375 0.3715277777777778 0.0671875 0.14583333333333334
231 2 0.03671875 0.10694444444444444 0.040625 0.1388888888888889
231 2 0.1625 0.37569444444444444 0.0671875 0.14583333333333334
232 2 0.03828125 0.10694444444444444 0.040625 0.1388888888888889
232 2 0.165625 0.3770833333333333 0.0671875 0.14583333333333334
233 2 0.037109375 0.10625 0.03984375 0.14027777777777778
233 2 0.1703125 0.3840277777777778 0.0671875 0.14583333333333334
234 2 0.0390625 0.10555555555555556 0.040625 0.1388888888888889
234 2 0.1734375 0.38819444444444445 0.0671875 0.14583333333333334
235 2 0.0390625 0.10555555555555556 0.040625 0.1388888888888889
235 2 0.178515625 0.38958333333333334 0.07265625 0.19305555555555556
236 2 0.0390625 0.10555555555555556 0.040625 0.1388888888888889
236 2 0.181640625 0.3888888888888889 0.07578125 0.19166666666666668
237 2 0.03984375 0.10694444444444444 0.040625 0.1388888888888889
237 2 0.187890625 0.40069444444444446 0.06640625 0.22361111111111112
238 2 0.03984375 0.10833333333333334 0.040625 0.1388888888888889
238 2 0.1875 0.4076388888888889 0.0671875 0.14583333333333334
239 2 0.040625 0.10416666666666667 0.0359375 0.12777777777777777
239 2 0.1890625 0.41458333333333336 0.0671875 0.14583333333333334
240 2 0.0421875 0.10694444444444444 0.040625 0.1388888888888889
240 2 0.196484375 0.4270833333333333 0.08203125 0.24583333333333332
241 2 0.04375 0.10555555555555556 0.040625 0.1388888888888889
241 2 0.19375 0.4173611111111111 0.0671875 0.14583333333333334
242 2 0.0453125 0.10416666666666667 0.040625 0.1388888888888889
242 2 0.2046875 0.4111111111111111 0.0984375 0.2
243 2 0.046875 0.1 0.0390625 0.15
243 2 0.210546875 0.4222222222222222 0.10390625 0.20277777777777778
244 2 0.0484375 0.10416666666666667 0.040625 0.1388888888888889
244 2 0.2125 0.40694444444444444 0.1140625 0.20277777777777778
245 2 0.04921875 0.10277777777777777 0.040625 0.1388888888888889
245 2 0.22265625 0.4 0.115625 0.18055555555555555
246 2 0.21875 0.401389 0.121875 0.180556
246 2 0.04921875 0.10277777777777777 0.040625 0.1388888888888889
247 2 0.04921875 0.10277777777777777 0.040625 0.1388888888888889
247 2 0.23203125 0.4152777777777778 0.121875 0.2111111111111111
248 2 0.05 0.10416666666666667 0.040625 0.1388888888888889
248 2 0.21875 0.42430555555555555 0.0671875 0.14583333333333334
249 2 0.232422 0.40625 0.119531 0.173611
249 2 0.05078125 0.10416666666666667 0.040625 0.1388888888888889
250 2 0.232812 0.410417 0.121875 0.176389
250 2 0.0515625 0.10416666666666667 0.040625 0.1388888888888889
251 2 0.233984 0.409028 0.125781 0.170833
251 2 0.053125 0.10277777777777777 0.040625 0.1388888888888889
252 2 0.0546875 0.10138888888888889 0.040625 0.1388888888888889
252 2 0.23984375 0.45416666666666666 0.1078125 0.26944444444444443
253 2 0.05546875 0.10138888888888889 0.040625 0.1388888888888889
253 2 0.244921875 0.46041666666666664 0.12109375 0.2763888888888889
254 2 0.05625 0.1 0.040625 0.1388888888888889
254 2 0.25 0.45 0.1328125 0.2777777777777778
255 2 0.055859375 0.0875 0.03671875 0.1527777777777778
255 2 0.256640625 0.46458333333333335 0.13671875 0.25972222222222224
256 2 0.05625 0.09861111111111111 0.040625 0.1388888888888889
256 2 0.2609375 0.45069444444444445 0.1421875 0.24583333333333332
257 2 0.05546875 0.09861111111111111 0.040625 0.1388888888888889
257 2 0.265234375 0.4527777777777778 0.15078125 0.21388888888888888
258 2 0.053125 0.10208333333333333 0.0390625 0.1625
258 2 0.27265625 0.4486111111111111 0.15 0.24166666666666667
259 2 0.058984375 0.09305555555555556 0.03984375 0.1527777777777778
259 2 0.2734375 0.4465277777777778 0.1515625 0.2263888888888889
260 2 0.278906 0.440278 0.148438 0.180556
260 2 0.061328125 0.10347222222222222 0.03828125 0.16527777777777777
261 2 0.280078 0.4375 0.161719 0.191667
261 2 0.0578125 0.09583333333333334 0.0390625 0.14444444444444443
262 2 0.285547 0.4375 0.166406 0.194444
262 2 0.0578125 0.09722222222222222 0.040625 0.1388888888888889
263 2 0.295312 0.445833 0.159375 0.191667
263 2 0.059375 0.09722222222222222 0.040625 0.1388888888888889
264 2 0.301172 0.450694 0.160156 0.204167
264 2 0.06015625 0.09722222222222222 0.040625 0.1388888888888889
264 2 0.61953125 0.15347222222222223 0.0625 0.2375
265 2 0.300781 0.461111 0.159375 0.216667
265 2 0.06015625 0.09722222222222222 0.040625 0.1388888888888889
265 2 0.630078125 0.15486111111111112 0.06640625 0.24583333333333332
266 2 0.309375 0.463194 0.157813 0.243056
266 2 0.059375 0.09722222222222222 0.040625 0.1388888888888889
266 2 0.628125 0.1423611111111111 0.0734375 0.22083333333333333
267 2 0.311328 0.472222 0.174219 0.225
267 2 0.059375 0.09722222222222222 0.040625 0.1388888888888889
267 2 0.62890625 0.14166666666666666 0.078125 0.21944444444444444
268 2 0.316406 0.480556 0.179688 0.238889
268 2 0.05859375 0.09861111111111111 0.040625 0.1388888888888889
268 2 0.630859375 0.15069444444444444 0.07734375 0.2375
269 2 0.317969 0.492361 0.190625 0.279167
269 2 0.059375 0.10138888888888889 0.040625 0.1388888888888889
269 2 0.634375 0.15763888888888888 0.0796875 0.2513888888888889
270 2 0.330469 0.477083 0.18125 0.245833
270 2 0.068359375 0.10486111111111111 0.04609375 0.1625
270 2 0.63203125 0.1597222222222222 0.08125 0.2638888888888889
271 2 0.332031 0.490972 0.190625 0.2625
271 2 0.0671875 0.10625 0.0453125 0.17916666666666667
271 2 0.6375 0.16180555555555556 0.0828125 0.24027777777777778
272 2 0.342578 0.482639 0.177344 0.2125
272 2 0.06640625 0.10555555555555556 0.05 0.17222222222222222
272 2 0.63671875 0.16041666666666668 0.090625 0.24305555555555555
273 2 0.63125 0.15625 0.0875 0.220833
273 2 0.065234375 0.10694444444444444 0.04140625 0.16944444444444445
273 2 0.348828125 0.49444444444444446 0.19453125 0.25833333333333336
274 2 0.632422 0.155556 0.0867188 0.216667
274 2 0.350781 0.486111 0.185937 0.230556
274 2 0.069140625 0.10902777777777778 0.05546875 0.1875
275 2 0.359766 0.502083 0.186719 0.240278
275 2 0.06484375 0.10416666666666667 0.040625 0.1388888888888889
275 2 0.646484375 0.15 0.11015625 0.2388888888888889
276 2 0.06484375 0.10416666666666667 0.040625 0.1388888888888889
276 2 0.36796875 0.48680555555555555 0.2125 0.25972222222222224
276 2 0.648828125 0.16111111111111112 0.11015625 0.25555555555555554
277 2 0.0640625 0.10555555555555556 0.040625 0.1388888888888889
277 2 0.64921875 0.1625 0.1125 0.25277777777777777
277 2 0.37578125 0.5 0.2125 0.2361111111111111
278 2 0.0640625 0.10694444444444444 0.040625 0.1388888888888889
278 2 0.651953125 0.16041666666666668 0.11796875 0.23194444444444445
278 2 0.376171875 0.5097222222222222 0.21171875 0.25
279 2 0.06484375 0.10972222222222222 0.040625 0.1388888888888889
279 2 0.3828125 0.50625 0.2140625 0.2708333333333333
279 2 0.653515625 0.16180555555555556 0.11328125 0.24305555555555555
280 2 0.065625 0.1111111111111111 0.040625 0.1388888888888889
280 2 0.388671875 0.5013888888888889 0.22265625 0.2361111111111111
280 2 0.658203125 0.16527777777777777 0.11640625 0.24722222222222223
281 2 0.0671875 0.1111111111111111 0.040625 0.1388888888888889
281 2 0.400390625 0.5236111111111111 0.22421875 0.2722222222222222
281 2 0.659375 0.1673611111111111 0.1140625 0.2569444444444444
282 2 0.06875 0.110417 0.0421875 0.1875
282 2 0.400390625 0.5388888888888889 0.23203125 0.2777777777777778
282 2 0.660546875 0.16319444444444445 0.11953125 0.24861111111111112
283 2 0.069140625 0.11944444444444445 0.04765625 0.19444444444444445
283 2 0.4078125 0.5409722222222222 0.2265625 0.28194444444444444
283 2 0.667578125 0.16111111111111112 0.11796875 0.23333333333333334
284 2 0.069140625 0.11944444444444445 0.04765625 0.19444444444444445
284 2 0.4078125 0.5409722222222222 0.2265625 0.28194444444444444
284 2 0.667578125 0.16111111111111112 0.11796875 0.23333333333333334
285 2 0.069921875 0.11944444444444445 0.04765625 0.19444444444444445
285 2 0.4125 0.5451388888888888 0.2265625 0.28194444444444444
285 2 0.669921875 0.16111111111111112 0.11796875 0.23333333333333334
286 2 0.070703125 0.12222222222222222 0.04765625 0.19444444444444445
286 2 0.4171875 0.5465277777777777 0.2265625 0.28194444444444444
286 2 0.672265625 0.1638888888888889 0.11796875 0.23333333333333334
287 2 0.071484375 0.125 0.04765625 0.19444444444444445
287 2 0.4203125 0.5506944444444445 0.2265625 0.28194444444444444
287 2 0.673046875 0.1638888888888889 0.11796875 0.23333333333333334
288 2 0.072265625 0.12777777777777777 0.04765625 0.19444444444444445
288 2 0.675390625 0.16666666666666666 0.11796875 0.23333333333333334
288 2 0.420703125 0.55625 0.23046875 0.29305555555555557
289 2 0.073046875 0.13055555555555556 0.04765625 0.19444444444444445
289 2 0.4296875 0.5534722222222223 0.2265625 0.28194444444444444
289 2 0.677734375 0.16944444444444445 0.11796875 0.23333333333333334
290 2 0.66875 0.188889 0.109375 0.225
290 2 0.428125 0.525 0.21875 0.238889
290 2 0.073828125 0.13333333333333333 0.04765625 0.19444444444444445
291 2 0.670313 0.184722 0.114063 0.230556
291 2 0.074609375 0.13333333333333333 0.04765625 0.19444444444444445
291 2 0.43203125 0.5354166666666667 0.228125 0.24305555555555555
292 2 0.673047 0.1875 0.113281 0.227778
292 2 0.439063 0.536111 0.226562 0.247222
292 2 0.076953125 0.13333333333333333 0.04765625 0.19444444444444445
293 2 0.676562 0.184722 0.114063 0.222222
293 2 0.446484 0.545139 0.228906 0.251389
293 2 0.077734375 0.1361111111111111 0.04765625 0.19444444444444445
294 2 0.678906 0.193056 0.117188 0.238889
294 2 0.446875 0.551389 0.23125 0.255556
294 2 0.080078125 0.14166666666666666 0.04765625 0.19444444444444445
295 2 0.682031 0.195139 0.115625 0.234722
295 2 0.452344 0.545833 0.2375 0.241667
295 2 0.082421875 0.14444444444444443 0.04765625 0.19444444444444445
296 2 0.617969 0.13125 0.05 0.165278
296 2 0.685938 0.182639 0.1125 0.195833
296 2 0.464063 0.546528 0.232812 0.2375
296 2 0.083203125 0.15 0.04765625 0.19444444444444445
297 2 0.620703 0.134028 0.0539063 0.168056
297 2 0.690234 0.191667 0.105469 0.222222
297 2 0.469141 0.548611 0.241406 0.247222
297 2 0.083984375 0.1527777777777778 0.04765625 0.19444444444444445
298 2 0.620703 0.127083 0.0632813 0.173611
298 2 0.483594 0.552083 0.246875 0.245833
298 2 0.084765625 0.15555555555555556 0.04765625 0.19444444444444445
298 2 0.697265625 0.17777777777777778 0.11796875 0.23333333333333334
299 2 0.622656 0.127083 0.0640625 0.170833
299 2 0.494531 0.548611 0.25625 0.233333
299 2 0.083984375 0.16111111111111112 0.04765625 0.19444444444444445
299 2 0.699609375 0.18055555555555555 0.11796875 0.23333333333333334
300 2 0.624219 0.129167 0.0625 0.175
300 2 0.496484 0.551389 0.252344 0.230556
300 2 0.084765625 0.16944444444444445 0.04765625 0.19444444444444445
300 2 0.703515625 0.18055555555555555 0.11796875 0.23333333333333334
301 2 0.702734 0.2 0.0960938 0.216667
301 2 0.626562 0.130556 0.0625 0.175
301 2 0.496875 0.572222 0.254687 0.275
301 2 0.085546875 0.17222222222222222 0.04765625 0.19444444444444445
302 2 0.628516 0.13125 0.0617188 0.176389
302 2 0.498047 0.570833 0.252344 0.277778
302 2 0.086328125 0.175 0.04765625 0.19444444444444445
302 2 0.706640625 0.18055555555555555 0.11796875 0.23333333333333334
303 2 0.0863281 0.16875 0.0507812 0.1875
303 2 0.630469 0.134722 0.0609375 0.175
303 2 0.498047 0.572222 0.252344 0.283333
303 2 0.708984375 0.18055555555555555 0.11796875 0.23333333333333334
304 2 0.633203 0.132639 0.0617188 0.176389
304 2 0.507031 0.56875 0.248437 0.273611
304 2 0.089453125 0.17777777777777778 0.04765625 0.19444444444444445
304 2 0.711328125 0.18055555555555555 0.11796875 0.23333333333333334
305 2 0.634766 0.136111 0.0632813 0.183333
305 2 0.512109 0.571528 0.250781 0.276389
305 2 0.090234375 0.18333333333333332 0.04765625 0.19444444444444445
305 2 0.712109375 0.18333333333333332 0.11796875 0.23333333333333334
306 2 0.636719 0.134722 0.0640625 0.183333
306 2 0.518359 0.570833 0.250781 0.277778
306 2 0.092578125 0.18611111111111112 0.04765625 0.19444444444444445
306 2 0.714453125 0.18333333333333332 0.11796875 0.23333333333333334
307 2 0.638281 0.134722 0.065625 0.177778
307 2 0.707031 0.201389 0.103125 0.225
307 2 0.519922 0.572917 0.236719 0.2875
307 2 0.091796875 0.19166666666666668 0.04765625 0.19444444444444445
308 2 0.707031 0.199306 0.0984375 0.234722
308 2 0.639453 0.139583 0.0710938 0.181944
308 2 0.523438 0.570833 0.234375 0.294444
308 2 0.092578125 0.19444444444444445 0.04765625 0.19444444444444445
309 2 0.642969 0.1375 0.071875 0.172222
309 2 0.528906 0.574306 0.235938 0.306944
309 2 0.091796875 0.19722222222222222 0.04765625 0.19444444444444445
309 2 0.716796875 0.18888888888888888 0.11796875 0.23333333333333334
310 2 0.648828 0.147222 0.0789063 0.175
310 2 0.70625 0.210417 0.104687 0.265278
310 2 0.533203 0.565972 0.236719 0.304167
310 2 0.092578125 0.20277777777777778 0.04765625 0.19444444444444445
310 2 0.717578125 0.18888888888888888 0.11796875 0.23333333333333334
311 2 0.707422 0.211806 0.103906 0.2625
311 2 0.540234 0.561806 0.230469 0.304167
311 2 0.091796875 0.20833333333333334 0.04765625 0.19444444444444445
311 2 0.66953125 0.15416666666666667 0.1 0.21388888888888888
312 2 0.655078 0.14375 0.0851562 0.184722
312 2 0.707422 0.211111 0.103906 0.263889
312 2 0.546484 0.556944 0.235156 0.308333
312 2 0.092578125 0.21388888888888888 0.04765625 0.19444444444444445
313 2 0.657422 0.145139 0.0867188 0.181944
313 2 0.709766 0.213889 0.0976562 0.255556
313 2 0.549219 0.559028 0.226562 0.331944
313 2 0.091796875 0.21388888888888888 0.04765625 0.19444444444444445
314 2 0.659766 0.142361 0.0898438 0.184722
314 2 0.707422 0.2125 0.103906 0.255556
314 2 0.556641 0.551389 0.227344 0.325
314 2 0.092578125 0.21388888888888888 0.04765625 0.19444444444444445
315 2 0.708984 0.213889 0.0960938 0.247222
315 2 0.663281 0.14375 0.0921875 0.1875
315 2 0.560156 0.54375 0.223438 0.318056
315 2 0.093359375 0.21666666666666667 0.04765625 0.19444444444444445
316 2 0.0964844 0.222917 0.0570313 0.184722
316 2 0.665234 0.145833 0.0898438 0.188889
316 2 0.709766 0.214583 0.0960938 0.248611
316 2 0.566406 0.538194 0.225 0.315278
317 2 0.66875 0.147222 0.09375 0.188889
317 2 0.708984 0.221528 0.0960938 0.245833
317 2 0.573828 0.535417 0.222656 0.318056
317 2 0.094921875 0.2222222222222222 0.04765625 0.19444444444444445
318 2 0.0992187 0.23125 0.0546875 0.1875
318 2 0.709375 0.218056 0.0953125 0.230556
318 2 0.676562 0.156944 0.096875 0.197222
318 2 0.577734 0.533333 0.216406 0.316667
319 2 0.101172 0.2375 0.0539063 0.180556
319 2 0.671484 0.152083 0.0960938 0.198611
319 2 0.710547 0.224306 0.0992187 0.231944
319 2 0.582031 0.531944 0.210938 0.313889
320 2 0.714063 0.227083 0.1 0.231944
320 2 0.104297 0.235417 0.0492188 0.1375
320 2 0.676953 0.155556 0.0976562 0.2
320 2 0.584375 0.534722 0.20625 0.319444
321 2 0.10625 0.243056 0.053125 0.158333
321 2 0.678516 0.154167 0.0992187 0.194444
321 2 0.591016 0.535417 0.196094 0.318056
321 2 0.720703125 0.225 0.09765625 0.24166666666666667
322 2 0.681641 0.156944 0.0992187 0.197222
322 2 0.105859 0.254861 0.0539063 0.165278
322 2 0.596875 0.535417 0.19375 0.318056
322 2 0.712109375 0.21458333333333332 0.12890625 0.2569444444444444
323 2 0.685938 0.161806 0.1 0.195833
323 2 0.107813 0.2625 0.0546875 0.166667
323 2 0.602344 0.539583 0.192188 0.329167
323 2 0.719140625 0.2263888888888889 0.10859375 0.24722222222222223
324 2 0.686719 0.1625 0.1 0.188889
324 2 0.108203 0.261111 0.0539063 0.155556
324 2 0.607031 0.539583 0.189063 0.334722
324 2 0.7203125 0.22083333333333333 0.1125 0.275
325 2 0.689844 0.165278 0.103125 0.183333
325 2 0.109766 0.2625 0.0539063 0.147222
325 2 0.6125 0.530556 0.189063 0.333333
325 2 0.728125 0.21458333333333332 0.1046875 0.2652777777777778
326 2 0.698047 0.172917 0.108594 0.179167
326 2 0.111328 0.272222 0.0523437 0.152778
326 2 0.615625 0.532639 0.185937 0.340278
326 2 0.7265625 0.2152777777777778 0.1171875 0.2722222222222222
327 2 0.705859 0.178472 0.122656 0.181944
327 2 0.111719 0.272222 0.053125 0.147222
327 2 0.619141 0.532639 0.183594 0.343056
327 2 0.728515625 0.21388888888888888 0.12578125 0.275
328 2 0.708984 0.193056 0.130469 0.216667
328 2 0.114063 0.28125 0.0609375 0.184722
328 2 0.621875 0.531944 0.18125 0.347222
328 2 0.7328125 0.2111111111111111 0.1203125 0.26944444444444443
329 2 0.114844 0.280556 0.0578125 0.175
329 2 0.624609 0.527778 0.177344 0.341667
329 2 0.707421875 0.17777777777777778 0.12734375 0.19444444444444445
329 2 0.733203125 0.2125 0.12421875 0.2638888888888889
330 2 0.114844 0.279861 0.0578125 0.170833
330 2 0.628125 0.527778 0.178125 0.35
330 2 0.71328125 0.18055555555555555 0.115625 0.17777777777777778
330 2 0.73515625 0.20972222222222223 0.1125 0.28055555555555556
331 2 0.635547 0.522917 0.172656 0.345833
331 2 0.107421875 0.28888888888888886 0.04765625 0.19444444444444445
331 2 0.708984375 0.17430555555555555 0.12578125 0.1763888888888889
331 2 0.728125 0.2111111111111111 0.1234375 0.28055555555555556
332 2 0.114063 0.303472 0.0515625 0.170833
332 2 0.638281 0.525 0.16875 0.355556
332 2 0.7140625 0.17291666666666666 0.1203125 0.17083333333333334
332 2 0.73125 0.20625 0.1171875 0.2708333333333333
333 2 0.115234 0.304861 0.0554687 0.173611
333 2 0.641406 0.522917 0.1625 0.359722
333 2 0.719140625 0.1673611111111111 0.13046875 0.1486111111111111
333 2 0.732421875 0.21458333333333332 0.11484375 0.2625
334 2 0.114844 0.315972 0.0515625 0.1625
334 2 0.642969 0.521528 0.157813 0.3625
334 2 0.713671875 0.17569444444444443 0.11796875 0.14305555555555555
334 2 0.734375 0.21319444444444444 0.1265625 0.2652777777777778
335 2 0.115234 0.306944 0.0554687 0.161111
335 2 0.644141 0.520139 0.150781 0.370833
335 2 0.716796875 0.17777777777777778 0.12734375 0.16111111111111112
335 2 0.735546875 0.20902777777777778 0.12890625 0.27361111111111114
336 2 0.116016 0.307639 0.0554687 0.156944
336 2 0.651563 0.492361 0.146875 0.306944
336 2 0.7140625 0.19166666666666668 0.1203125 0.14444444444444443
336 2 0.730078125 0.21736111111111112 0.12265625 0.2625
337 2 0.116016 0.310417 0.0554687 0.156944
337 2 0.654297 0.4875 0.146094 0.305556
337 2 0.71640625 0.20625 0.115625 0.13194444444444445
337 2 0.72890625 0.20972222222222223 0.13125 0.2722222222222222
338 2 0.116797 0.320833 0.0507812 0.147222
338 2 0.657422 0.484722 0.149219 0.311111
338 2 0.735546875 0.19375 0.14921875 0.1375
338 2 0.7296875 0.21597222222222223 0.1265625 0.2847222222222222
339 2 0.659375 0.471528 0.145313 0.309722
339 2 0.118359 0.325 0.0554687 0.169444
339 2 0.740234375 0.1986111111111111 0.14453125 0.14444444444444443
339 2 0.73515625 0.2111111111111111 0.121875 0.25277777777777777
340 2 0.119922 0.329167 0.0554687 0.163889
340 2 0.743359375 0.19791666666666666 0.14765625 0.13472222222222222
340 2 0.67421875 0.4722222222222222 0.13125 0.33611111111111114
340 2 0.737890625 0.21458333333333332 0.11328125 0.27361111111111114
341 2 0.119531 0.331944 0.0609375 0.172222
341 2 0.678515625 0.48194444444444445 0.12109375 0.31666666666666665
341 2 0.74375 0.20277777777777778 0.1515625 0.13055555555555556
341 2 0.734375 0.21388888888888888 0.1171875 0.26666666666666666
342 2 0.680078 0.475694 0.110156 0.3375
342 2 0.121094 0.33125 0.0625 0.159722
342 2 0.741015625 0.19791666666666666 0.14296875 0.15416666666666667
342 2 0.738671875 0.20833333333333334 0.10703125 0.2638888888888889
343 2 0.683594 0.471528 0.101562 0.348611
343 2 0.122656 0.333333 0.0640625 0.161111
343 2 0.74921875 0.20555555555555555 0.153125 0.13333333333333333
343 2 0.7328125 0.21388888888888888 0.1265625 0.26666666666666666
344 2 0.685156 0.469444 0.096875 0.352778
344 2 0.123438 0.331944 0.0640625 0.152778
344 2 0.746875 0.1986111111111111 0.1546875 0.11944444444444445
344 2 0.7359375 0.2 0.1171875 0.2361111111111111
345 2 0.127344 0.34375 0.065625 0.176389
345 2 0.686328 0.469444 0.0976562 0.341667
345 2 0.744140625 0.20833333333333334 0.17109375 0.15
345 2 0.744140625 0.20347222222222222 0.10390625 0.24027777777777778
346 2 0.688281 0.46875 0.0921875 0.345833
346 2 0.13046875 0.37222222222222223 0.0671875 0.20833333333333334
346 2 0.74765625 0.21736111111111112 0.175 0.13194444444444445
346 2 0.734375 0.21736111111111112 0.1234375 0.2625
347 2 0.688281 0.466667 0.0890625 0.341667
347 2 0.1265625 0.3729166666666667 0.05625 0.1875
347 2 0.75625 0.21597222222222223 0.1765625 0.11805555555555555
347 2 0.740234375 0.21597222222222223 0.11796875 0.2708333333333333
348 2 0.688281 0.4625 0.0859375 0.358333
348 2 0.126953125 0.35555555555555557 0.04765625 0.19444444444444445
348 2 0.758984375 0.2111111111111111 0.16953125 0.10277777777777777
348 2 0.737109375 0.22083333333333333 0.11484375 0.28055555555555556
349 2 0.688672 0.458333 0.0820312 0.366667
349 2 0.13203125 0.38125 0.059375 0.18194444444444444
349 2 0.748046875 0.2298611111111111 0.19453125 0.14305555555555555
349 2 0.74140625 0.22361111111111112 0.1125 0.26944444444444443
350 2 0.130469 0.35625 0.0671875 0.165278
350 2 0.688672 0.454861 0.0804688 0.3625
350 2 0.764453125 0.21458333333333332 0.18984375 0.11527777777777778
350 2 0.738671875 0.2222222222222222 0.12265625 0.2777777777777778
351 2 0.13125 0.354167 0.0703125 0.163889
351 2 0.6875 0.434722 0.075 0.35
351 2 0.755859375 0.23194444444444445 0.18203125 0.15
351 2 0.737109375 0.22430555555555556 0.11640625 0.2763888888888889
352 2 0.131641 0.355556 0.0710938 0.163889
352 2 0.686328 0.420139 0.0695312 0.329167
352 2 0.760546875 0.23472222222222222 0.18046875 0.1111111111111111
352 2 0.7328125 0.2125 0.1234375 0.2722222222222222
353 2 0.132031 0.35625 0.0734375 0.1625
353 2 0.687109 0.4125 0.0664062 0.322222
353 2 0.75546875 0.23055555555555557 0.1859375 0.14166666666666666
353 2 0.73125 0.22291666666666668 0.1078125 0.2791666666666667
354 2 0.133594 0.360417 0.0734375 0.173611
354 2 0.686719 0.407639 0.065625 0.320833
354 2 0.759765625 0.2298611111111111 0.18671875 0.13194444444444445
354 2 0.733203125 0.21666666666666667 0.11953125 0.29444444444444445
355 2 0.135547 0.359722 0.0695312 0.166667
355 2 0.687109 0.404861 0.0648438 0.326389
355 2 0.760546875 0.2263888888888889 0.18984375 0.10555555555555556
355 2 0.732421875 0.21666666666666667 0.11015625 0.2861111111111111
356 2 0.139062 0.359722 0.06875 0.169444
356 2 0.688281 0.400694 0.0640625 0.323611
356 2 0.761328125 0.22777777777777777 0.19140625 0.10833333333333334
356 2 0.73515625 0.21875 0.11875 0.26805555555555555
357 2 0.141406 0.365278 0.0671875 0.183333
357 2 0.688281 0.396528 0.0625 0.323611
357 2 0.724609375 0.21180555555555555 0.12578125 0.2763888888888889
357 2 0.762890625 0.2326388888888889 0.21015625 0.12083333333333333
358 2 0.689062 0.397222 0.0625 0.325
358 2 0.144922 0.367361 0.0664062 0.1875
358 2 0.729296875 0.20694444444444443 0.13359375 0.275
358 2 0.759765625 0.23680555555555555 0.22890625 0.10138888888888889
359 2 0.690234 0.386111 0.0632813 0.322222
359 2 0.144531 0.365278 0.075 0.177778
359 2 0.723046875 0.21388888888888888 0.14765625 0.2916666666666667
359 2 0.762109375 0.24513888888888888 0.22734375 0.12083333333333333
360 2 0.691797 0.378472 0.0648438 0.331944
360 2 0.152734 0.361111 0.0695312 0.188889
360 2 0.801171875 0.22847222222222222 0.13515625 0.12916666666666668
360 2 0.727734375 0.21041666666666667 0.14765625 0.2847222222222222
361 2 0.694531 0.370833 0.0578125 0.3
361 2 0.159375 0.359028 0.06875 0.1875
361 2 0.807421875 0.22708333333333333 0.14609375 0.09027777777777778
361 2 0.728125 0.21180555555555555 0.1421875 0.27361111111111114
362 2 0.688672 0.372222 0.0632813 0.305556
362 2 0.161328 0.386111 0.0664062 0.236111
362 2 0.80234375 0.22013888888888888 0.134375 0.10972222222222222
362 2 0.734375 0.21944444444444444 0.13125 0.2777777777777778
363 2 0.688281 0.372222 0.0640625 0.305556
363 2 0.163672 0.375 0.0664062 0.205556
363 2 0.80703125 0.22916666666666666 0.1375 0.09722222222222222
363 2 0.73125 0.20625 0.1359375 0.2652777777777778
364 2 0.692578 0.363889 0.0585938 0.313889
364 2 0.166406 0.375 0.06875 0.202778
364 2 0.805859375 0.22777777777777777 0.13046875 0.08333333333333333
364 2 0.729296875 0.20902777777777778 0.12890625 0.2652777777777778
365 2 0.685547 0.363194 0.0695312 0.320833
365 2 0.171094 0.375694 0.071875 0.198611
365 2 0.80546875 0.22777777777777777 0.1296875 0.10555555555555556
365 2 0.73203125 0.2152777777777778 0.134375 0.2833333333333333
366 2 0.680859 0.359028 0.0742188 0.323611
366 2 0.178516 0.380556 0.0820312 0.197222
366 2 0.81015625 0.23472222222222222 0.128125 0.10277777777777777
366 2 0.732421875 0.22430555555555556 0.12109375 0.26805555555555555
367 2 0.677344 0.358333 0.0765625 0.313889
367 2 0.194140625 0.4131944444444444 0.08359375 0.27361111111111114
367 2 0.81484375 0.23819444444444443 0.128125 0.09305555555555556
367 2 0.731640625 0.21805555555555556 0.13671875 0.25833333333333336
368 2 0.674219 0.355556 0.0765625 0.316667
368 2 0.20390625 0.41180555555555554 0.065625 0.25416666666666665
368 2 0.8171875 0.23819444444444443 0.1359375 0.10694444444444444
368 2 0.73515625 0.22847222222222222 0.125 0.24305555555555555
369 2 0.671094 0.342361 0.0734375 0.293056
369 2 0.198828125 0.40902777777777777 0.08515625 0.30416666666666664
369 2 0.73125 0.23055555555555557 0.1359375 0.25
369 2 0.81875 0.24305555555555555 0.1390625 0.13055555555555556
370 2 0.670313 0.340972 0.0734375 0.295833
370 2 0.217578125 0.44375 0.06796875 0.3125
370 2 0.82265625 0.23472222222222222 0.1328125 0.10555555555555556
370 2 0.73828125 0.23680555555555555 0.1296875 0.2569444444444444
371 2 0.669531 0.336806 0.071875 0.290278
371 2 0.208984375 0.4375 0.08203125 0.325
371 2 0.732421875 0.24097222222222223 0.14140625 0.25972222222222224
371 2 0.8234375 0.24097222222222223 0.134375 0.10972222222222222
372 2 0.667969 0.335417 0.0703125 0.293056
372 2 0.216015625 0.4423611111111111 0.08671875 0.32083333333333336
372 2 0.7390625 0.2465277777777778 0.140625 0.25416666666666665
372 2 0.821484375 0.24027777777777778 0.12109375 0.1111111111111111
373 2 0.666797 0.333333 0.0664062 0.294444
373 2 0.225390625 0.4409722222222222 0.08671875 0.30694444444444446
373 2 0.74296875 0.2361111111111111 0.15625 0.25277777777777777
373 2 0.8265625 0.23541666666666666 0.1328125 0.09861111111111111
374 2 0.665234 0.329167 0.0632813 0.302778
374 2 0.229296875 0.42777777777777776 0.09609375 0.2916666666666667
374 2 0.740625 0.23680555555555555 0.1421875 0.24305555555555555
374 2 0.8265625 0.23194444444444445 0.1234375 0.11666666666666667
375 2 0.665234 0.321528 0.0585938 0.301389
375 2 0.239453125 0.45902777777777776 0.11015625 0.3402777777777778
375 2 0.826953125 0.23958333333333334 0.13046875 0.10694444444444444
375 2 0.7421875 0.23402777777777778 0.1546875 0.24305555555555555
376 2 0.664062 0.318056 0.0609375 0.308333
376 2 0.24375 0.4534722222222222 0.0890625 0.3486111111111111
376 2 0.825390625 0.23541666666666666 0.13828125 0.10416666666666667
376 2 0.738671875 0.23541666666666666 0.15234375 0.2569444444444444
377 2 0.664453 0.300694 0.0617188 0.265278
377 2 0.25234375 0.46041666666666664 0.09375 0.3375
377 2 0.74296875 0.22569444444444445 0.15625 0.23472222222222222
377 2 0.824609375 0.22847222222222222 0.15390625 0.09583333333333334
378 2 0.661719 0.298611 0.0640625 0.283333
378 2 0.26328125 0.4576388888888889 0.0875 0.32083333333333336
378 2 0.7484375 0.22013888888888888 0.1609375 0.2375
378 2 0.826171875 0.23680555555555555 0.14140625 0.09027777777777778
379 2 0.660937 0.290278 0.05625 0.277778
379 2 0.267578125 0.47152777777777777 0.08515625 0.3347222222222222
379 2 0.756640625 0.22916666666666666 0.16015625 0.26666666666666666
379 2 0.83671875 0.2375 0.140625 0.11944444444444445
380 2 0.658594 0.291667 0.0609375 0.288889
380 2 0.276171875 0.4777777777777778 0.09765625 0.35833333333333334
380 2 0.753125 0.23819444444444443 0.1609375 0.25972222222222224
380 2 0.8359375 0.23958333333333334 0.1546875 0.10138888888888889
381 2 0.65625 0.289583 0.059375 0.298611
381 2 0.276171875 0.4875 0.09453125 0.33055555555555555
381 2 0.75390625 0.24097222222222223 0.178125 0.2625
381 2 0.83359375 0.24305555555555555 0.134375 0.13333333333333333
382 2 0.652734 0.288194 0.0617188 0.276389
382 2 0.292578125 0.49375 0.10703125 0.3402777777777778
382 2 0.74921875 0.25416666666666665 0.18125 0.26666666666666666
382 2 0.833203125 0.24513888888888888 0.15078125 0.10694444444444444
383 2 0.292578125 0.48541666666666666 0.11328125 0.3263888888888889
383 2 0.648828125 0.28680555555555554 0.06796875 0.2847222222222222
383 2 0.7625 0.23680555555555555 0.1796875 0.2625
383 2 0.845703125 0.2423611111111111 0.14140625 0.12916666666666668
384 2 0.644141 0.284028 0.0695312 0.2875
384 2 0.30234375 0.49930555555555556 0.1171875 0.36527777777777776
384 2 0.759765625 0.24861111111111112 0.18359375 0.2833333333333333
384 2 0.8453125 0.2548611111111111 0.1390625 0.14583333333333334
385 2 0.642187 0.282639 0.0640625 0.290278
385 2 0.317578125 0.5152777777777777 0.13984375 0.37222222222222223
385 2 0.76171875 0.25069444444444444 0.16875 0.2708333333333333
385 2 0.84921875 0.25416666666666665 0.13125 0.1361111111111111
386 2 0.641016 0.272917 0.0585938 0.293056
386 2 0.32578125 0.5048611111111111 0.125 0.3680555555555556
386 2 0.76484375 0.2520833333333333 0.175 0.26805555555555555
386 2 0.842578125 0.2520833333333333 0.14609375 0.1375
387 2 0.753906 0.238889 0.16875 0.238889
387 2 0.639844 0.263194 0.0578125 0.279167
387 2 0.332421875 0.5006944444444444 0.12109375 0.37916666666666665
387 2 0.85625 0.24166666666666667 0.1171875 0.11388888888888889
388 2 0.754687 0.240972 0.1625 0.229167
388 2 0.639063 0.257639 0.059375 0.281944
388 2 0.3421875 0.5013888888888889 0.1296875 0.3527777777777778
388 2 0.853125 0.24861111111111112 0.1234375 0.1361111111111111
389 2 0.763672 0.240278 0.171094 0.225
389 2 0.638281 0.254167 0.059375 0.280556
389 2 0.352734375 0.5298611111111111 0.14296875 0.35138888888888886
389 2 0.860546875 0.24791666666666667 0.11640625 0.14027777777777778
390 2 0.6375 0.251389 0.059375 0.283333
390 2 0.3484375 0.5458333333333333 0.1484375 0.3888888888888889
390 2 0.781640625 0.24722222222222223 0.17109375 0.24166666666666667
390 2 0.8546875 0.25277777777777777 0.13125 0.12222222222222222
391 2 0.636328 0.247222 0.0601562 0.286111
391 2 0.359765625 0.5479166666666667 0.15703125 0.3763888888888889
391 2 0.783984375 0.24791666666666667 0.18203125 0.2513888888888889
391 2 0.859765625 0.25555555555555554 0.10703125 0.12222222222222222
392 2 0.635547 0.245139 0.0570313 0.2875
392 2 0.358984375 0.5354166666666667 0.16953125 0.37916666666666665
392 2 0.7796875 0.2513888888888889 0.1890625 0.25
392 2 0.868359375 0.2534722222222222 0.11171875 0.12361111111111112
393 2 0.778516 0.241667 0.183594 0.241667
393 2 0.635547 0.244444 0.0570313 0.291667
393 2 0.3671875 0.5451388888888888 0.1734375 0.3736111111111111
393 2 0.85703125 0.2513888888888889 0.115625 0.13055555555555556
394 2 0.781641 0.241667 0.183594 0.244444
394 2 0.636328 0.243056 0.0570313 0.294444
394 2 0.380078125 0.5520833333333334 0.18828125 0.36527777777777776
394 2 0.866015625 0.24583333333333332 0.11171875 0.10277777777777777
395 2 0.786719 0.241667 0.190625 0.241667
395 2 0.635938 0.228472 0.05625 0.279167
395 2 0.394140625 0.5611111111111111 0.18515625 0.3638888888888889
395 2 0.8671875 0.24930555555555556 0.1390625 0.10416666666666667
396 2 0.635156 0.225 0.0515625 0.261111
396 2 0.40078125 0.5590277777777778 0.18125 0.3541666666666667
396 2 0.78984375 0.21944444444444444 0.18125 0.25277777777777777
396 2 0.862890625 0.24861111111111112 0.13828125 0.1111111111111111
397 2 0.6375 0.215972 0.05625 0.248611
397 2 0.41171875 0.5513888888888889 0.1765625 0.38055555555555554
397 2 0.791796875 0.22916666666666666 0.18046875 0.25833333333333336
397 2 0.865234375 0.24513888888888888 0.14140625 0.12083333333333333
398 2 0.634766 0.218056 0.0539063 0.247222
398 2 0.428125 0.5708333333333333 0.1859375 0.35555555555555557
398 2 0.79375 0.23472222222222222 0.1546875 0.24166666666666667
398 2 0.875 0.24027777777777778 0.115625 0.09166666666666666
399 2 0.790234 0.225694 0.166406 0.245833
399 2 0.635156 0.21875 0.0609375 0.259722
399 2 0.43046875 0.5756944444444444 0.171875 0.3763888888888889
399 2 0.87265625 0.24166666666666667 0.128125 0.10833333333333334
400 2 0.790234 0.225694 0.164844 0.251389
400 2 0.633984 0.215972 0.0617188 0.2625
400 2 0.451171875 0.5847222222222223 0.20546875 0.4
400 2 0.87734375 0.2534722222222222 0.140625 0.12638888888888888
401 2 0.792188 0.234028 0.160938 0.2625
401 2 0.633594 0.211806 0.0609375 0.2625
401 2 0.44765625 0.5673611111111111 0.2171875 0.4013888888888889
401 2 0.877734375 0.24027777777777778 0.13203125 0.13055555555555556
402 2 0.632812 0.211806 0.059375 0.2625
402 2 0.793359 0.241667 0.166406 0.275
402 2 0.447656 0.579167 0.201562 0.361111
402 2 0.880859375 0.24930555555555556 0.13828125 0.12916666666666668
403 2 0.631641 0.213194 0.0570313 0.259722
403 2 0.796484 0.239583 0.160156 0.268056
403 2 0.451562 0.589583 0.2 0.348611
403 2 0.8890625 0.24305555555555555 0.1234375 0.1111111111111111
404 2 0.630469 0.211806 0.0578125 0.265278
404 2 0.461328 0.590278 0.208594 0.361111
404 2 0.804296875 0.24305555555555555 0.16953125 0.2833333333333333
404 2 0.892578125 0.2520833333333333 0.14140625 0.10416666666666667
405 2 0.798437 0.233333 0.160938 0.258333
405 2 0.629687 0.209028 0.0578125 0.268056
405 2 0.471875 0.581944 0.217187 0.333333
405 2 0.894140625 0.24027777777777778 0.15234375 0.11666666666666667
406 2 0.629687 0.20625 0.059375 0.268056
406 2 0.8 0.236806 0.160938 0.2625
406 2 0.485156 0.584028 0.225 0.3125
406 2 0.897265625 0.24722222222222223 0.12265625 0.12222222222222222
407 2 0.629687 0.202083 0.0625 0.268056
407 2 0.801562 0.238194 0.15625 0.270833
407 2 0.5 0.591667 0.234375 0.316667
407 2 0.897265625 0.2423611111111111 0.12265625 0.11805555555555555
408 2 0.629687 0.2 0.065625 0.261111
408 2 0.801562 0.233333 0.157813 0.263889
408 2 0.502344 0.590278 0.232812 0.313889
408 2 0.896875 0.2361111111111111 0.1203125 0.125
409 2 0.630859 0.197917 0.0664062 0.256944
409 2 0.803906 0.24375 0.160938 0.276389
409 2 0.505078 0.59375 0.233594 0.315278
409 2 0.8953125 0.23055555555555557 0.1265625 0.08611111111111111
410 2 0.631641 0.19375 0.0617188 0.2375
410 2 0.805078 0.242361 0.158594 0.279167
410 2 0.508594 0.589583 0.235938 0.304167
410 2 0.89921875 0.225 0.121875 0.09444444444444444
411 2 0.635156 0.196528 0.0734375 0.248611
411 2 0.805859 0.242361 0.158594 0.279167
411 2 0.509375 0.585417 0.240625 0.2875
411 2 0.9046875 0.22430555555555556 0.1140625 0.11527777777777778
412 2 0.635156 0.190278 0.06875 0.213889
412 2 0.807422 0.243056 0.157031 0.283333
412 2 0.515625 0.588194 0.240625 0.293056
412 2 0.902734375 0.23194444444444445 0.11015625 0.1388888888888889
413 2 0.638672 0.195833 0.0757812 0.244444
413 2 0.808594 0.242361 0.15625 0.281944
413 2 0.527734 0.593056 0.217969 0.297222
413 2 0.90390625 0.21944444444444444 0.109375 0.1361111111111111
414 2 0.900781 0.231944 0.101562 0.141667
414 2 0.641016 0.195833 0.0789063 0.247222
414 2 0.810938 0.242361 0.154687 0.284722
414 2 0.533594 0.599306 0.21875 0.301389
415 2 0.902344 0.225694 0.103125 0.143056
415 2 0.642969 0.195833 0.0734375 0.236111
415 2 0.8125 0.242361 0.154687 0.281944
415 2 0.542969 0.600694 0.2125 0.301389
416 2 0.812109 0.243056 0.155469 0.286111
416 2 0.644141 0.195833 0.0742188 0.233333
416 2 0.904688 0.225 0.104687 0.155556
416 2 0.550391 0.603472 0.213281 0.304167
417 2 0.645703 0.194444 0.0757812 0.233333
417 2 0.905859 0.221528 0.111719 0.151389
417 2 0.555078 0.598611 0.210156 0.297222
417 2 0.848046875 0.22777777777777777 0.11796875 0.23333333333333334
418 2 0.816406 0.230556 0.145313 0.269444
418 2 0.646875 0.19375 0.0796875 0.234722
418 2 0.560547 0.596528 0.207031 0.290278
418 2 0.915234375 0.22291666666666668 0.11328125 0.1736111111111111
419 2 0.646875 0.195139 0.08125 0.231944
419 2 0.817578 0.23125 0.142969 0.273611
419 2 0.566797 0.592361 0.208594 0.2875
419 2 0.91953125 0.21736111111111112 0.1046875 0.17916666666666667
420 2 0.648438 0.193056 0.0828125 0.230556
420 2 0.817578 0.23125 0.138281 0.279167
420 2 0.571875 0.589583 0.207813 0.290278
420 2 0.919921875 0.2263888888888889 0.09453125 0.19722222222222222
421 2 0.917188 0.231944 0.0921875 0.177778
421 2 0.648438 0.195139 0.0828125 0.229167
421 2 0.819531 0.236806 0.129688 0.290278
421 2 0.578125 0.5875 0.207813 0.294444
422 2 0.647266 0.196528 0.0804688 0.218056
422 2 0.822656 0.2375 0.121875 0.294444
422 2 0.583984 0.586111 0.202344 0.291667
422 2 0.924609375 0.22430555555555556 0.09140625 0.17916666666666667
423 2 0.921875 0.229861 0.0859375 0.179167
423 2 0.825391 0.238889 0.114844 0.291667
423 2 0.649609 0.197917 0.0835937 0.195833
423 2 0.591406 0.584722 0.203125 0.291667
424 2 0.648828 0.207639 0.0851562 0.179167
424 2 0.926172 0.227778 0.0804688 0.183333
424 2 0.828906 0.238889 0.110937 0.291667
424 2 0.598828 0.588889 0.207031 0.283333
425 2 0.651563 0.225 0.090625 0.144444
425 2 0.928516 0.224306 0.0773437 0.1875
425 2 0.830078 0.238889 0.108594 0.291667
425 2 0.600781 0.591667 0.192188 0.283333
426 2 0.930859 0.222917 0.0757812 0.184722
426 2 0.832422 0.238889 0.105469 0.294444
426 2 0.607031 0.583333 0.198437 0.3
426 2 0.6546875 0.22361111111111112 0.08125 0.14166666666666666
427 2 0.654297 0.225 0.0851562 0.127778
427 2 0.931641 0.223611 0.0757812 0.194444
427 2 0.835156 0.2375 0.103125 0.294444
427 2 0.6125 0.582639 0.195312 0.298611
428 2 0.653906 0.227083 0.084375 0.140278
428 2 0.931641 0.221528 0.0773437 0.193056
428 2 0.839453 0.236806 0.0976562 0.295833
428 2 0.617969 0.5875 0.1875 0.3
429 2 0.651953 0.21875 0.0804688 0.145833
429 2 0.932422 0.218056 0.0773437 0.186111
429 2 0.841797 0.233333 0.0960938 0.294444
429 2 0.625781 0.584722 0.185937 0.308333
430 2 0.653906 0.214583 0.078125 0.145833
430 2 0.934766 0.220833 0.0757812 0.186111
430 2 0.842969 0.234028 0.09375 0.298611
430 2 0.632422 0.582639 0.183594 0.306944
431 2 0.936328 0.21875 0.0726563 0.181944
431 2 0.655859 0.208333 0.0742188 0.161111
431 2 0.641797 0.585417 0.177344 0.290278
431 2 0.84765625 0.23958333333333334 0.09375 0.30694444444444446
432 2 0.938281 0.215972 0.0703125 0.181944
432 2 0.660937 0.204167 0.06875 0.169444
432 2 0.646875 0.583333 0.175 0.294444
432 2 0.8515625 0.2388888888888889 0.0734375 0.3194444444444444
433 2 0.848047 0.223611 0.0898438 0.269444
433 2 0.940234 0.2125 0.0679687 0.175
433 2 0.664062 0.201389 0.0671875 0.172222
433 2 0.650391 0.579167 0.172656 0.3
434 2 0.942969 0.213194 0.065625 0.170833
434 2 0.849609 0.21875 0.0914062 0.2625
434 2 0.666406 0.201389 0.06875 0.177778
434 2 0.653125 0.577083 0.171875 0.304167
435 2 0.945312 0.213194 0.0625 0.1625
435 2 0.849219 0.217361 0.090625 0.268056
435 2 0.65625 0.570139 0.170312 0.301389
435 2 0.676953125 0.20694444444444443 0.07734375 0.2
436 2 0.948438 0.216667 0.0625 0.169444
436 2 0.673047 0.198611 0.0710938 0.186111
436 2 0.850781 0.218056 0.090625 0.272222
436 2 0.654688 0.566667 0.175 0.311111
437 2 0.854688 0.220833 0.084375 0.275
437 2 0.946484 0.215972 0.0601562 0.181944
437 2 0.677344 0.194444 0.0796875 0.180556
437 2 0.657422 0.563889 0.177344 0.313889
438 2 0.951563 0.217361 0.0609375 0.173611
438 2 0.680078 0.19375 0.0820312 0.1875
438 2 0.857813 0.215972 0.0875 0.254167
438 2 0.664062 0.556944 0.179688 0.319444
439 2 0.681641 0.190972 0.0820312 0.184722
439 2 0.949609 0.210417 0.0554687 0.179167
439 2 0.861719 0.213889 0.0875 0.252778
439 2 0.666797 0.546528 0.172656 0.318056
440 2 0.684375 0.185417 0.084375 0.179167
440 2 0.951172 0.20625 0.0539063 0.170833
440 2 0.863281 0.216667 0.0875 0.25
440 2 0.669141 0.533333 0.172656 0.308333
441 2 0.86875 0.220833 0.0890625 0.272222
441 2 0.953516 0.211806 0.0523437 0.154167
441 2 0.685547 0.182639 0.0867188 0.179167
441 2 0.669531 0.524306 0.175 0.301389
442 2 0.878516 0.210417 0.0882813 0.251389
442 2 0.953125 0.213889 0.0515625 0.161111
442 2 0.687109 0.180556 0.0882813 0.180556
442 2 0.675391 0.518056 0.167969 0.297222
443 2 0.954687 0.213194 0.05 0.1625
443 2 0.690234 0.182639 0.0867188 0.159722
443 2 0.879687 0.211806 0.078125 0.268056
443 2 0.677344 0.522222 0.1625 0.302778
444 2 0.955859 0.214583 0.0476562 0.1625
444 2 0.885938 0.211806 0.0734375 0.256944
444 2 0.691797 0.18125 0.0882813 0.1625
444 2 0.682031 0.520833 0.15625 0.3
445 2 0.889453 0.220833 0.0742188 0.266667
445 2 0.953125 0.215972 0.05 0.159722
445 2 0.691406 0.175 0.0875 0.172222
445 2 0.687891 0.523611 0.147656 0.305556
446 2 0.890234 0.2 0.0695312 0.238889
446 2 0.954687 0.2125 0.0484375 0.155556
446 2 0.69375 0.175694 0.090625 0.173611
446 2 0.694141 0.523611 0.144531 0.311111
447 2 0.894531 0.197222 0.0765625 0.247222
447 2 0.95625 0.204861 0.046875 0.145833
447 2 0.698047 0.174306 0.0929687 0.181944
447 2 0.700391 0.519444 0.136719 0.325
448 2 0.892969 0.196528 0.078125 0.231944
448 2 0.957031 0.202083 0.0453125 0.1375
448 2 0.7 0.175 0.0953125 0.188889
448 2 0.701953 0.511806 0.136719 0.334722
449 2 0.893359 0.182639 0.0820312 0.226389
449 2 0.958594 0.206944 0.0453125 0.138889
449 2 0.701172 0.170833 0.0960938 0.177778
449 2 0.707422 0.509028 0.133594 0.348611
450 2 0.894141 0.201389 0.0851562 0.238889
450 2 0.959375 0.213889 0.0421875 0.141667
450 2 0.703125 0.172917 0.0953125 0.176389
450 2 0.714844 0.504861 0.125 0.343056
451 2 0.961719 0.218056 0.0421875 0.141667
451 2 0.703125 0.175694 0.0921875 0.168056
451 2 0.717578 0.499306 0.127344 0.343056
451 2 0.9109375 0.19444444444444445 0.0734375 0.2722222222222222
452 2 0.903516 0.188889 0.0789063 0.25
452 2 0.962891 0.215972 0.0382813 0.131944
452 2 0.704297 0.18125 0.0929687 0.168056
452 2 0.719141 0.497222 0.135156 0.336111
453 2 0.707422 0.189583 0.0914062 0.1625
453 2 0.723828 0.498611 0.141406 0.338889
453 2 0.914453125 0.17291666666666666 0.07421875 0.24583333333333332
453 2 0.96328125 0.2013888888888889 0.059375 0.1527777777777778
454 2 0.710156 0.198611 0.090625 0.144444
454 2 0.73125 0.49375 0.142188 0.331944
454 2 0.930859375 0.17847222222222223 0.07578125 0.23472222222222222
454 2 0.962109375 0.20833333333333334 0.05078125 0.12777777777777777
455 2 0.922656 0.190278 0.078125 0.244444
455 2 0.745703 0.497917 0.144531 0.323611
455 2 0.728515625 0.19722222222222222 0.08671875 0.12777777777777777
455 2 0.966015625 0.21041666666666667 0.04296875 0.10138888888888889
456 2 0.759766 0.506944 0.133594 0.336111
456 2 0.927344 0.195833 0.075 0.233333
456 2 0.963671875 0.20902777777777778 0.05234375 0.10416666666666667
456 2 0.732421875 0.20277777777777778 0.08359375 0.12777777777777777
457 2 0.771875 0.495139 0.123438 0.359722
457 2 0.7359375 0.19722222222222222 0.0703125 0.11944444444444445
457 2 0.93359375 0.1840277777777778 0.090625 0.2263888888888889
457 2 0.966796875 0.20833333333333334 0.05703125 0.10277777777777777
458 2 0.781641 0.490972 0.125781 0.359722
458 2 0.943359375 0.1909722222222222 0.08828125 0.24305555555555555
458 2 0.9734375 0.2298611111111111 0.0390625 0.12638888888888888
458 2 0.7359375 0.1986111111111111 0.071875 0.13055555555555556
459 2 0.788281 0.497222 0.123438 0.366667
459 2 0.934375 0.195833 0.078125 0.230556
459 2 0.96484375 0.21666666666666667 0.04375 0.12777777777777777
459 2 0.7390625 0.19722222222222222 0.0734375 0.13055555555555556
460 2 0.795313 0.480556 0.11875 0.375
460 2 0.736719 0.194444 0.071875 0.138889
460 2 0.935547 0.195139 0.0835937 0.226389
460 2 0.96796875 0.21388888888888888 0.05 0.12222222222222222
461 2 0.739062 0.192361 0.071875 0.148611
461 2 0.941406 0.189583 0.1 0.220833
461 2 0.799609375 0.47638888888888886 0.12421875 0.33055555555555555
462 2 0.741016 0.186806 0.0757812 0.148611
462 2 0.80546875 0.4701388888888889 0.125 0.31527777777777777
462 2 0.94453125 0.19583333333333333 0.10625 0.21388888888888888
463 2 0.742969 0.184028 0.0796875 0.151389
463 2 0.81953125 0.46458333333333335 0.1125 0.3125
463 2 0.946484375 0.18055555555555555 0.10546875 0.19166666666666668
464 2 0.808203 0.463194 0.128906 0.329167
464 2 0.746484 0.179861 0.0820312 0.156944
464 2 0.946484375 0.20277777777777778 0.10546875 0.16666666666666666
465 2 0.817578 0.461806 0.132031 0.3375
465 2 0.751562 0.174306 0.0875 0.1625
465 2 0.94765625 0.1840277777777778 0.103125 0.18194444444444444
466 2 0.753906 0.172222 0.0875 0.163889
466 2 0.827734 0.459722 0.133594 0.336111
466 2 0.95390625 0.20416666666666666 0.090625 0.17777777777777778
467 2 0.837891 0.457639 0.122656 0.3375
467 2 0.76640625 0.17083333333333334 0.0875 0.18333333333333332
467 2 0.958203125 0.2 0.08203125 0.1111111111111111
468 2 0.764453 0.179167 0.0804688 0.161111
468 2 0.844922 0.453472 0.116406 0.351389
468 2 0.961328125 0.22013888888888888 0.07578125 0.12083333333333333
469 2 0.768359 0.173611 0.0789063 0.166667
469 2 0.848828 0.45 0.113281 0.355556
469 2 0.963671875 0.21388888888888888 0.07109375 0.125
470 2 0.767969 0.165278 0.078125 0.177778
470 2 0.855469 0.444444 0.103125 0.344444
470 2 0.966015625 0.20347222222222222 0.06640625 0.13194444444444445
471 2 0.771094 0.159028 0.0796875 0.170833
471 2 0.858594 0.435417 0.1 0.323611
471 2 0.970703125 0.2111111111111111 0.05703125 0.10277777777777777
472 2 0.858594 0.438889 0.103125 0.336111
472 2 0.774609 0.154861 0.0804688 0.168056
472 2 0.97265625 0.2152777777777778 0.053125 0.11666666666666667
473 2 0.863281 0.425 0.10625 0.308333
473 2 0.777734 0.154861 0.0804688 0.176389
473 2 0.97109375 0.20972222222222223 0.05625 0.10833333333333334
474 2 0.972266 0.215278 0.0492188 0.180556
474 2 0.867969 0.422222 0.104687 0.308333
474 2 0.780078 0.152083 0.0820312 0.176389
474 2 0.971875 0.20694444444444443 0.0546875 0.08611111111111111
475 2 0.976562 0.207639 0.0421875 0.181944
475 2 0.874219 0.415972 0.107813 0.309722
475 2 0.779688 0.15625 0.0890625 0.1875
475 2 0.97265625 0.22361111111111112 0.053125 0.09166666666666666
476 2 0.880859 0.407639 0.103906 0.290278
476 2 0.780859 0.154861 0.0914062 0.1875
476 2 0.970703125 0.20208333333333334 0.03671875 0.09305555555555556
476 2 0.978515625 0.20416666666666666 0.04140625 0.12777777777777777
477 2 0.980078 0.201389 0.0382813 0.161111
477 2 0.889453 0.408333 0.103906 0.3
477 2 0.783984 0.152778 0.0929687 0.183333
478 2 0.980469 0.201389 0.0375 0.155556
478 2 0.895312 0.405556 0.103125 0.302778
478 2 0.791016 0.153472 0.0976562 0.179167
479 2 0.980078 0.202778 0.0367187 0.169444
479 2 0.791406 0.149306 0.103125 0.179167
479 2 0.899219 0.399306 0.1 0.315278
480 2 0.797266 0.150694 0.105469 0.179167
480 2 0.905859 0.390972 0.0929687 0.320833
480 2 0.9796875 0.20277777777777778 0.0390625 0.08333333333333333
481 2 0.908984 0.379861 0.0914062 0.3125
481 2 0.98125 0.18958333333333333 0.0359375 0.12361111111111112
481 2 0.819921875 0.15763888888888888 0.09609375 0.17916666666666667
482 2 0.807422 0.147222 0.103906 0.180556
482 2 0.905859 0.369444 0.0929687 0.297222
482 2 0.9828125 0.2048611111111111 0.0328125 0.12916666666666668
483 2 0.813281 0.147222 0.1 0.177778
483 2 0.908203 0.3625 0.0960938 0.3
483 2 0.984765625 0.20833333333333334 0.02890625 0.10277777777777777
484 2 0.816016 0.141667 0.0992187 0.172222
484 2 0.908984 0.361806 0.100781 0.301389
484 2 0.984375 0.1798611111111111 0.0296875 0.11805555555555555
485 2 0.81875 0.138194 0.101562 0.165278
485 2 0.910547 0.356944 0.0992187 0.3
485 2 0.985546875 0.16875 0.02734375 0.12916666666666668
486 2 0.916797 0.353472 0.0992187 0.281944
486 2 0.821875 0.139583 0.096875 0.168056
486 2 0.987109375 0.17569444444444443 0.02421875 0.10972222222222222
487 2 0.825781 0.135417 0.0984375 0.165278
487 2 0.988671875 0.18541666666666667 0.02109375 0.06805555555555555
487 2 0.9296875 0.3486111111111111 0.0953125 0.3055555555555556
488 2 0.935156 0.345139 0.104687 0.295833
488 2 0.829297 0.135417 0.0992187 0.173611
488 2 0.98515625 0.18819444444444444 0.028125 0.07916666666666666
489 2 0.939844 0.340278 0.10625 0.311111
489 2 0.833984 0.134028 0.0914062 0.170833
489 2 0.987890625 0.19166666666666668 0.02265625 0.058333333333333334
490 2 0.942578 0.332639 0.107031 0.329167
490 2 0.836328 0.131944 0.0914062 0.169444
491 2 0.8375 0.138194 0.0875 0.173611
491 2 0.944141 0.33125 0.102344 0.323611
492 2 0.944531 0.333333 0.096875 0.311111
492 2 0.841797 0.138889 0.0898438 0.177778
493 2 0.94375 0.325694 0.0921875 0.295833
493 2 0.844141 0.131944 0.0976562 0.169444
494 2 0.941797 0.313889 0.0976562 0.288889
494 2 0.85390625 0.1388888888888889 0.09375 0.18888888888888888
495 2 0.946875 0.305556 0.103125 0.297222
495 2 0.85546875 0.13680555555555557 0.0890625 0.16805555555555557
496 2 0.947266 0.30625 0.100781 0.2875
496 2 0.859765625 0.13194444444444445 0.08671875 0.16944444444444445
497 2 0.95 0.30625 0.1 0.293056
497 2 0.86484375 0.12777777777777777 0.0875 0.16666666666666666
498 2 0.953516 0.296528 0.0929687 0.298611
498 2 0.870703125 0.13819444444444445 0.07890625 0.17083333333333334
499 2 0.868359 0.130556 0.0835937 0.169444
499 2 0.958203 0.29375 0.0835937 0.281944
500 2 0.871875 0.126389 0.0828125 0.155556
500 2 0.959375 0.291667 0.08125 0.286111
501 2 0.957812 0.286806 0.084375 0.295833
501 2 0.875781 0.125694 0.08125 0.156944
502 2 0.876953 0.127778 0.0757812 0.166667
502 2 0.960156 0.29375 0.0765625 0.3125
503 2 0.878906 0.125694 0.075 0.168056
503 2 0.963281 0.290972 0.0734375 0.304167
504 2 0.964453 0.2875 0.0710938 0.291667
504 2 0.884766 0.129861 0.0710938 0.159722
505 2 0.964844 0.275694 0.0703125 0.270833
505 2 0.885938 0.129861 0.075 0.159722
506 2 0.965625 0.273611 0.06875 0.261111
506 2 0.889453 0.129861 0.0820312 0.159722
507 2 0.966016 0.273611 0.0679687 0.261111
507 2 0.891797 0.129167 0.0820312 0.158333
508 2 0.966016 0.270139 0.0679687 0.281944
508 2 0.894922 0.129861 0.0820312 0.1625
509 2 0.898047 0.128472 0.0789063 0.165278
509 2 0.970703 0.271528 0.0585938 0.281944
510 2 0.907421875 0.1284722222222222 0.07890625 0.1875
510 2 0.9703125 0.2951388888888889 0.0578125 0.23194444444444445
511 2 0.975391 0.266667 0.0445312 0.297222
511 2 0.90703125 0.13819444444444445 0.06875 0.17916666666666667
512 2 0.978516 0.270139 0.0398437 0.293056
512 2 0.910937 0.136111 0.0671875 0.158333
513 2 0.915625 0.13125 0.065625 0.151389
514 2 0.919531 0.132639 0.0640625 0.156944
515 2 0.922656 0.130556 0.0625 0.155556
516 2 0.923437 0.128472 0.0625 0.156944
517 2 0.923437 0.129861 0.0578125 0.151389
518 2 0.924609 0.131944 0.0601562 0.155556
519 2 0.928516 0.128472 0.0648438 0.148611
520 2 0.93125 0.13125 0.0671875 0.154167
521 2 0.935156 0.13125 0.0640625 0.151389
522 2 0.939062 0.131944 0.06875 0.147222
523 2 0.942187 0.136806 0.06875 0.154167
524 2 0.942187 0.127778 0.0671875 0.177778
525 2 0.945703 0.136111 0.0695312 0.152778
526 2 0.951563 0.131944 0.06875 0.166667
527 2 0.952344 0.13125 0.0734375 0.170833
528 2 0.955469 0.129861 0.071875 0.148611
529 2 0.955469 0.127778 0.0671875 0.141667
530 2 0.958984 0.127778 0.0664062 0.141667
531 2 0.960156 0.128472 0.065625 0.140278
532 2 0.961328 0.13125 0.0695312 0.151389
533 2 0.961719 0.130556 0.06875 0.152778
534 2 0.964063 0.129167 0.065625 0.144444
535 2 0.965234 0.128472 0.0617188 0.145833
536 2 0.967578 0.125694 0.0617188 0.148611
537 2 0.969922 0.125694 0.0570313 0.159722
538 2 0.971094 0.125694 0.05625 0.168056
541 2 0.971484375 0.1486111111111111 0.05546875 0.11388888888888889
542 2 0.9734375 0.15 0.0515625 0.10833333333333334
543 2 0.97578125 0.15347222222222223 0.046875 0.10694444444444444
544 2 0.9734375 0.15486111111111112 0.0515625 0.10972222222222222
545 2 0.9703125 0.1451388888888889 0.0578125 0.10694444444444444
546 2 0.97265625 0.15208333333333332 0.053125 0.09305555555555556
547 2 0.973828125 0.15208333333333332 0.05078125 0.1125
548 2 0.9734375 0.1486111111111111 0.0515625 0.09166666666666666
549 2 0.9734375 0.1486111111111111 0.0515625 0.09166666666666666
550 2 0.974609375 0.1486111111111111 0.05078125 0.09166666666666666
551 2 0.975390625 0.1486111111111111 0.04921875 0.09166666666666666
552 2 0.976171875 0.1486111111111111 0.04765625 0.09166666666666666
553 2 0.97734375 0.15 0.0453125 0.09166666666666666
554 2 0.978515625 0.15 0.04296875 0.09166666666666666
555 2 0.9796875 0.15138888888888888 0.040625 0.09166666666666666
556 2 0.98046875 0.15138888888888888 0.0390625 0.09166666666666666
557 2 0.981640625 0.15 0.03671875 0.09166666666666666
797 2 0.983203125 0.06736111111111111 0.03203125 0.09027777777777778
798 2 0.9796875 0.0625 0.0390625 0.08333333333333333
799 2 0.978125 0.058333333333333334 0.0421875 0.08888888888888889
800 2 0.97734375 0.06111111111111111 0.04375 0.08333333333333333
801 2 0.9765625 0.059027777777777776 0.0453125 0.08472222222222223
802 2 0.9765625 0.05486111111111111 0.040625 0.08472222222222223
803 2 0.9703125 0.058333333333333334 0.040625 0.08055555555555556
804 2 0.9703125 0.05763888888888889 0.040625 0.08194444444444444
805 2 0.96796875 0.05625 0.040625 0.08194444444444444
806 2 0.96484375 0.05486111111111111 0.040625 0.08194444444444444
807 2 0.9609375 0.05625 0.040625 0.08194444444444444
808 2 0.9578125 0.05625 0.040625 0.08194444444444444
809 2 0.9546875 0.05625 0.040625 0.08194444444444444
810 2 0.95234375 0.05625 0.040625 0.08194444444444444
811 2 0.94921875 0.05625 0.040625 0.08194444444444444
812 2 0.946484375 0.059027777777777776 0.05703125 0.07083333333333333
813 2 0.946484375 0.059027777777777776 0.05703125 0.07083333333333333
814 2 0.944140625 0.06041666666666667 0.05703125 0.07083333333333333
815 2 0.941015625 0.06180555555555556 0.05703125 0.07083333333333333
816 2 0.937890625 0.06041666666666667 0.05703125 0.07083333333333333
817 2 0.934765625 0.06041666666666667 0.05703125 0.07083333333333333
818 2 0.932421875 0.06041666666666667 0.05703125 0.07083333333333333
819 2 0.930859375 0.06041666666666667 0.05703125 0.07083333333333333
820 2 0.930078125 0.06458333333333334 0.05078125 0.06527777777777778
821 2 0.930078125 0.06458333333333334 0.05078125 0.06527777777777778
822 2 0.927734375 0.06458333333333334 0.05078125 0.06527777777777778
823 2 0.926171875 0.06458333333333334 0.05078125 0.06527777777777778
824 2 0.923828125 0.06319444444444444 0.05078125 0.06527777777777778
825 2 0.921484375 0.06458333333333334 0.05078125 0.06527777777777778
826 2 0.919921875 0.06319444444444444 0.05078125 0.06527777777777778
827 2 0.918359375 0.06319444444444444 0.05078125 0.06527777777777778
828 2 0.916796875 0.06319444444444444 0.05078125 0.06527777777777778
829 2 0.914453125 0.06319444444444444 0.05078125 0.06527777777777778
830 2 0.90546875 0.06805555555555555 0.053125 0.05277777777777778
831 2 0.905078125 0.0625 0.05703125 0.058333333333333334
832 2 0.905078125 0.0625 0.05703125 0.058333333333333334
833 2 0.902734375 0.0625 0.05703125 0.058333333333333334
834 2 0.900390625 0.06111111111111111 0.05703125 0.058333333333333334
835 2 0.896484375 0.06111111111111111 0.05703125 0.058333333333333334
836 2 0.894140625 0.06111111111111111 0.05703125 0.058333333333333334
837 2 0.891015625 0.06111111111111111 0.05703125 0.058333333333333334
838 2 0.889453125 0.059722222222222225 0.05703125 0.058333333333333334
839 2 0.887109375 0.059722222222222225 0.05703125 0.058333333333333334
839 2 0.97734375 0.06388888888888888 0.03125 0.125
840 2 0.884765625 0.059722222222222225 0.05703125 0.058333333333333334
840 2 0.980078125 0.059722222222222225 0.03359375 0.1
841 2 0.881640625 0.059722222222222225 0.05703125 0.058333333333333334
841 2 0.96875 0.05625 0.0421875 0.09583333333333334
842 2 0.878515625 0.059722222222222225 0.05703125 0.058333333333333334
842 2 0.96796875 0.05347222222222222 0.04375 0.10138888888888889
843 2 0.876953125 0.058333333333333334 0.05703125 0.058333333333333334
843 2 0.99296875 0.05555555555555555 0.0125 0.09444444444444444
843 2 0.965625 0.05277777777777778 0.0390625 0.09722222222222222
844 2 0.874609375 0.058333333333333334 0.05703125 0.058333333333333334
844 2 0.9609375 0.050694444444444445 0.0359375 0.10138888888888889
844 2 0.991015625 0.04861111111111111 0.01640625 0.08888888888888889
845 2 0.873046875 0.058333333333333334 0.05703125 0.058333333333333334
845 2 0.95625 0.050694444444444445 0.0421875 0.09305555555555556
845 2 0.987890625 0.0625 0.01953125 0.11666666666666667
846 2 0.865234375 0.04791666666666667 0.04765625 0.0763888888888889
846 2 0.98828125 0.05555555555555555 0.021875 0.10277777777777777
846 2 0.95703125 0.04722222222222222 0.03125 0.08333333333333333
847 2 0.861328125 0.04722222222222222 0.05703125 0.07777777777777778
847 2 0.95390625 0.05 0.0296875 0.1
847 2 0.985546875 0.058333333333333334 0.02421875 0.10277777777777777
848 2 0.861328125 0.04722222222222222 0.05703125 0.07777777777777778
848 2 0.95390625 0.05 0.0296875 0.1
848 2 0.985546875 0.058333333333333334 0.02421875 0.10277777777777777
849 2 0.858984375 0.04722222222222222 0.05703125 0.07777777777777778
849 2 0.9515625 0.05 0.0296875 0.1
849 2 0.983203125 0.058333333333333334 0.02421875 0.10277777777777777
850 2 0.857421875 0.04722222222222222 0.05703125 0.07777777777777778
850 2 0.94921875 0.05 0.0296875 0.1
850 2 0.980078125 0.05694444444444444 0.02421875 0.10277777777777777
851 2 0.854296875 0.04722222222222222 0.05703125 0.07777777777777778
851 2 0.946875 0.05 0.0296875 0.1
851 2 0.977734375 0.05694444444444444 0.02421875 0.10277777777777777
852 2 0.846875 0.05277777777777778 0.05 0.08888888888888889
852 2 0.94453125 0.05 0.0296875 0.1
852 2 0.976171875 0.058333333333333334 0.02421875 0.10277777777777777
853 2 0.848046875 0.04583333333333333 0.05703125 0.07777777777777778
853 2 0.9421875 0.05 0.0296875 0.1
853 2 0.973828125 0.058333333333333334 0.02421875 0.10277777777777777
854 2 0.843359375 0.05 0.05234375 0.08333333333333333
854 2 0.93984375 0.05 0.0296875 0.1
854 2 0.970703125 0.058333333333333334 0.02421875 0.10277777777777777
855 2 0.84140625 0.049305555555555554 0.046875 0.09027777777777778
855 2 0.93671875 0.05 0.0296875 0.1
855 2 0.967578125 0.05694444444444444 0.02421875 0.10277777777777777
856 2 0.83671875 0.044444444444444446 0.046875 0.08333333333333333
856 2 0.93359375 0.049305555555555554 0.0296875 0.09861111111111111
856 2 0.965234375 0.05555555555555555 0.02421875 0.10277777777777777
857 2 0.83671875 0.04652777777777778 0.04375 0.0763888888888889
857 2 0.93046875 0.049305555555555554 0.0296875 0.09861111111111111
857 2 0.962890625 0.05416666666666667 0.02421875 0.10277777777777777
858 2 0.833984375 0.04861111111111111 0.04296875 0.08055555555555556
858 2 0.928125 0.049305555555555554 0.0296875 0.09861111111111111
858 2 0.959765625 0.05416666666666667 0.02421875 0.10277777777777777
859 2 0.830859375 0.04375 0.03671875 0.08194444444444444
859 2 0.925 0.049305555555555554 0.0296875 0.09861111111111111
859 2 0.956640625 0.05416666666666667 0.02421875 0.10277777777777777
860 2 0.830859375 0.043055555555555555 0.03671875 0.08333333333333333
860 2 0.92265625 0.049305555555555554 0.0296875 0.09861111111111111
860 2 0.954296875 0.05555555555555555 0.02421875 0.10277777777777777
861 2 0.829296875 0.043055555555555555 0.03671875 0.08333333333333333
861 2 0.92109375 0.049305555555555554 0.0296875 0.09861111111111111
861 2 0.952734375 0.05555555555555555 0.02421875 0.10277777777777777
862 2 0.826953125 0.043055555555555555 0.03671875 0.08333333333333333
862 2 0.91875 0.049305555555555554 0.0296875 0.09861111111111111
862 2 0.951171875 0.05555555555555555 0.02421875 0.10277777777777777
863 2 0.823828125 0.041666666666666664 0.03671875 0.08333333333333333
863 2 0.948828125 0.05555555555555555 0.02421875 0.10277777777777777
863 2 0.91640625 0.058333333333333334 0.0375 0.1111111111111111
864 2 0.820703125 0.041666666666666664 0.03671875 0.08333333333333333
864 2 0.946484375 0.05555555555555555 0.02421875 0.10277777777777777
864 2 0.913671875 0.05486111111111111 0.03046875 0.10416666666666667
865 2 0.818359375 0.043055555555555555 0.03671875 0.08333333333333333
865 2 0.945703125 0.05694444444444444 0.02421875 0.10277777777777777
865 2 0.91328125 0.059722222222222225 0.0375 0.10555555555555556
866 2 0.816796875 0.044444444444444446 0.03671875 0.08333333333333333
866 2 0.943359375 0.05694444444444444 0.02421875 0.10277777777777777
866 2 0.9078125 0.058333333333333334 0.0296875 0.1111111111111111
867 2 0.815234375 0.044444444444444446 0.03671875 0.08333333333333333
867 2 0.941796875 0.05694444444444444 0.02421875 0.10277777777777777
867 2 0.909375 0.05763888888888889 0.0390625 0.10416666666666667
867 2 0.980078125 0.052083333333333336 0.03203125 0.09861111111111111
868 2 0.813671875 0.043055555555555555 0.03671875 0.08333333333333333
868 2 0.940234375 0.05694444444444444 0.02421875 0.10277777777777777
868 2 0.910546875 0.05694444444444444 0.03828125 0.10555555555555556
868 2 0.977734375 0.05277777777777778 0.04296875 0.09166666666666666
869 2 0.812109375 0.043055555555555555 0.03671875 0.08333333333333333
869 2 0.938671875 0.05555555555555555 0.02421875 0.10277777777777777
869 2 0.90546875 0.050694444444444445 0.034375 0.09305555555555556
869 2 0.976953125 0.05138888888888889 0.04140625 0.09444444444444444
870 2 0.810546875 0.043055555555555555 0.03671875 0.08333333333333333
870 2 0.937109375 0.05555555555555555 0.02421875 0.10277777777777777
870 2 0.971875 0.052083333333333336 0.0328125 0.09027777777777778
870 2 0.906640625 0.05486111111111111 0.03359375 0.10138888888888889
871 2 0.808984375 0.043055555555555555 0.03671875 0.08333333333333333
871 2 0.934765625 0.05555555555555555 0.02421875 0.10277777777777777
871 2 0.9671875 0.05138888888888889 0.0328125 0.09166666666666666
871 2 0.90234375 0.050694444444444445 0.04375 0.09027777777777778
872 2 0.806640625 0.044444444444444446 0.03671875 0.08333333333333333
872 2 0.932421875 0.05555555555555555 0.02421875 0.10277777777777777
872 2 0.96875 0.052083333333333336 0.0390625 0.09861111111111111
872 2 0.900390625 0.05486111111111111 0.04609375 0.09583333333333334
873 2 0.804296875 0.043055555555555555 0.03671875 0.08333333333333333
873 2 0.930859375 0.05555555555555555 0.02421875 0.10277777777777777
873 2 0.899609375 0.052083333333333336 0.03515625 0.10138888888888889
873 2 0.966015625 0.04861111111111111 0.04140625 0.08333333333333333
874 2 0.802734375 0.043055555555555555 0.03671875 0.08333333333333333
874 2 0.928515625 0.05555555555555555 0.02421875 0.10277777777777777
874 2 0.89609375 0.059027777777777776 0.0390625 0.10416666666666667
874 2 0.96484375 0.050694444444444445 0.040625 0.09305555555555556
875 2 0.799609375 0.043055555555555555 0.03671875 0.08333333333333333
875 2 0.926171875 0.05555555555555555 0.02421875 0.10277777777777777
875 2 0.96640625 0.04652777777777778 0.040625 0.09305555555555556
875 2 0.890234375 0.05347222222222222 0.03203125 0.09305555555555556
876 2 0.797265625 0.043055555555555555 0.03671875 0.08333333333333333
876 2 0.925390625 0.05555555555555555 0.02421875 0.10277777777777777
876 2 0.966015625 0.04791666666666667 0.03671875 0.0875
876 2 0.889453125 0.05625 0.03359375 0.09861111111111111
877 2 0.793359375 0.044444444444444446 0.03671875 0.08333333333333333
877 2 0.923828125 0.05555555555555555 0.02421875 0.10277777777777777
877 2 0.9609375 0.04791666666666667 0.0296875 0.08472222222222223
877 2 0.890234375 0.05277777777777778 0.03359375 0.08888888888888889
878 2 0.792578125 0.044444444444444446 0.03671875 0.08333333333333333
878 2 0.922265625 0.05555555555555555 0.02421875 0.10277777777777777
878 2 0.959375 0.05347222222222222 0.028125 0.09027777777777778
878 2 0.890234375 0.05416666666666667 0.03671875 0.09444444444444444
879 2 0.789453125 0.044444444444444446 0.03671875 0.08333333333333333
879 2 0.920703125 0.05555555555555555 0.02421875 0.10277777777777777
879 2 0.88984375 0.05277777777777778 0.0359375 0.09722222222222222
879 2 0.956640625 0.04791666666666667 0.02890625 0.08472222222222223
880 2 0.787890625 0.044444444444444446 0.03671875 0.08333333333333333
880 2 0.919921875 0.05555555555555555 0.02421875 0.10277777777777777
880 2 0.887109375 0.059722222222222225 0.03671875 0.10277777777777777
880 2 0.953125 0.050694444444444445 0.034375 0.07083333333333333
881 2 0.786328125 0.043055555555555555 0.03671875 0.08333333333333333
881 2 0.919140625 0.05694444444444444 0.02421875 0.10277777777777777
881 2 0.885546875 0.05486111111111111 0.03515625 0.09861111111111111
881 2 0.9546875 0.044444444444444446 0.0328125 0.08611111111111111
882 2 0.785546875 0.043055555555555555 0.03671875 0.08333333333333333
882 2 0.917578125 0.05694444444444444 0.02421875 0.10277777777777777
882 2 0.882421875 0.052083333333333336 0.03671875 0.10416666666666667
882 2 0.95 0.04722222222222222 0.0359375 0.08611111111111111
883 2 0.784765625 0.044444444444444446 0.03671875 0.08333333333333333
883 2 0.916015625 0.05555555555555555 0.02421875 0.10277777777777777
883 2 0.879296875 0.05416666666666667 0.03828125 0.1
883 2 0.945703125 0.04722222222222222 0.03515625 0.08888888888888889
884 2 0.782421875 0.04583333333333333 0.03671875 0.08333333333333333
884 2 0.914453125 0.05555555555555555 0.02421875 0.10277777777777777
884 2 0.880078125 0.052083333333333336 0.03515625 0.09027777777777778
884 2 0.951171875 0.05277777777777778 0.04609375 0.09444444444444444
885 2 0.780859375 0.04722222222222222 0.03671875 0.08333333333333333
885 2 0.912890625 0.05555555555555555 0.02421875 0.10277777777777777
885 2 0.943359375 0.050694444444444445 0.03671875 0.09305555555555556
885 2 0.876171875 0.050694444444444445 0.03359375 0.09583333333333334
886 2 0.779296875 0.04722222222222222 0.03671875 0.08333333333333333
886 2 0.911328125 0.05555555555555555 0.02421875 0.10277777777777777
886 2 0.941796875 0.05 0.02578125 0.08333333333333333
886 2 0.87265625 0.05486111111111111 0.034375 0.09861111111111111
887 2 0.7703125 0.05277777777777778 0.0328125 0.08888888888888889
887 2 0.908984375 0.05416666666666667 0.02421875 0.10277777777777777
887 2 0.942578125 0.05694444444444444 0.02890625 0.08611111111111111
887 2 0.86953125 0.059722222222222225 0.03125 0.10277777777777777
888 2 0.76796875 0.05138888888888889 0.0296875 0.08611111111111111
888 2 0.907421875 0.05416666666666667 0.02421875 0.10277777777777777
888 2 0.863671875 0.05625 0.02890625 0.08194444444444444
888 2 0.938671875 0.044444444444444446 0.03046875 0.08333333333333333
889 2 0.768359375 0.05138888888888889 0.03828125 0.08611111111111111
889 2 0.905859375 0.05555555555555555 0.02421875 0.10277777777777777
889 2 0.937890625 0.05347222222222222 0.03046875 0.0875
889 2 0.862890625 0.059027777777777776 0.03046875 0.09027777777777778
890 2 0.76796875 0.05277777777777778 0.0359375 0.08888888888888889
890 2 0.903515625 0.05694444444444444 0.02421875 0.10277777777777777
890 2 0.93828125 0.05347222222222222 0.028125 0.0875
890 2 0.8640625 0.05347222222222222 0.0265625 0.0875
891 2 0.7625 0.05416666666666667 0.0328125 0.09166666666666666
891 2 0.901171875 0.05694444444444444 0.02421875 0.10277777777777777
891 2 0.86015625 0.059027777777777776 0.028125 0.09027777777777778
891 2 0.936328125 0.05763888888888889 0.03203125 0.08472222222222223
892 2 0.76171875 0.04652777777777778 0.03125 0.09027777777777778
892 2 0.900390625 0.05694444444444444 0.02421875 0.10277777777777777
892 2 0.86328125 0.058333333333333334 0.028125 0.09444444444444444
892 2 0.9375 0.05763888888888889 0.0359375 0.09305555555555556
893 2 0.7609375 0.05416666666666667 0.0328125 0.09166666666666666
893 2 0.898046875 0.058333333333333334 0.02421875 0.10277777777777777
893 2 0.859765625 0.05555555555555555 0.03671875 0.10277777777777777
893 2 0.932421875 0.0625 0.03203125 0.09722222222222222
894 2 0.7609375 0.05555555555555555 0.0296875 0.08055555555555556
894 2 0.898046875 0.058333333333333334 0.02421875 0.10277777777777777
894 2 0.860546875 0.05763888888888889 0.03046875 0.09861111111111111
894 2 0.9296875 0.05347222222222222 0.0296875 0.09305555555555556
895 2 0.75703125 0.043055555555555555 0.034375 0.08611111111111111
895 2 0.896484375 0.059722222222222225 0.02421875 0.10277777777777777
895 2 0.8578125 0.059027777777777776 0.034375 0.10138888888888889
895 2 0.929296875 0.05555555555555555 0.02421875 0.075
896 2 0.76015625 0.049305555555555554 0.0328125 0.08472222222222223
896 2 0.894921875 0.059722222222222225 0.02421875 0.10277777777777777
896 2 0.85546875 0.050694444444444445 0.034375 0.09861111111111111
896 2 0.92421875 0.05625 0.03125 0.09027777777777778
897 2 0.75390625 0.04722222222222222 0.028125 0.08888888888888889
897 2 0.893359375 0.059722222222222225 0.02421875 0.10277777777777777
897 2 0.850390625 0.059027777777777776 0.03046875 0.10416666666666667
897 2 0.922265625 0.05277777777777778 0.02421875 0.08611111111111111
898 2 0.755078125 0.049305555555555554 0.03046875 0.09027777777777778
898 2 0.891796875 0.059722222222222225 0.02421875 0.10277777777777777
898 2 0.844921875 0.05763888888888889 0.03046875 0.09305555555555556
898 2 0.923046875 0.05625 0.02734375 0.09583333333333334
899 2 0.755078125 0.049305555555555554 0.03046875 0.09027777777777778
899 2 0.889453125 0.059722222222222225 0.02421875 0.10277777777777777
899 2 0.84375 0.05625 0.0296875 0.09583333333333334
899 2 0.91875 0.05763888888888889 0.0328125 0.0875
900 2 0.754296875 0.050694444444444445 0.03046875 0.09027777777777778
900 2 0.887109375 0.059722222222222225 0.02421875 0.10277777777777777
900 2 0.842578125 0.05347222222222222 0.03515625 0.10138888888888889
900 2 0.918359375 0.06597222222222222 0.03046875 0.09861111111111111
901 2 0.754296875 0.049305555555555554 0.03046875 0.09027777777777778
901 2 0.886328125 0.059722222222222225 0.02421875 0.10277777777777777
901 2 0.84140625 0.05486111111111111 0.03125 0.09861111111111111
901 2 0.916015625 0.05555555555555555 0.02578125 0.09444444444444444
902 2 0.754296875 0.050694444444444445 0.03046875 0.09027777777777778
902 2 0.884765625 0.059722222222222225 0.02421875 0.10277777777777777
902 2 0.839453125 0.058333333333333334 0.02890625 0.1
902 2 0.9140625 0.050694444444444445 0.0265625 0.07083333333333333
903 2 0.753515625 0.049305555555555554 0.03046875 0.09027777777777778
903 2 0.883984375 0.059722222222222225 0.02421875 0.10277777777777777
903 2 0.8390625 0.05555555555555555 0.025 0.09444444444444444
903 2 0.915234375 0.06180555555555556 0.03046875 0.08472222222222223
904 2 0.752734375 0.050694444444444445 0.03046875 0.09027777777777778
904 2 0.884765625 0.059722222222222225 0.02421875 0.10277777777777777
904 2 0.839453125 0.05694444444444444 0.03046875 0.09722222222222222
904 2 0.91328125 0.05486111111111111 0.028125 0.08194444444444444
905 2 0.752734375 0.049305555555555554 0.03046875 0.09027777777777778
905 2 0.883984375 0.059722222222222225 0.02421875 0.10277777777777777
905 2 0.83359375 0.05625 0.0328125 0.09583333333333334
905 2 0.91015625 0.050694444444444445 0.03125 0.0763888888888889
