462.0 2.0 0.101171875 0.04097222222222222 0.06640625 0.0763888888888889 1
463.0 2.0 0.102734375 0.04027777777777778 0.05703125 0.07222222222222222 1
464.0 2.0 0.10234375 0.03819444444444445 0.05625 0.07083333333333333 1
465.0 2.0 0.09921875 0.04513888888888889 0.0546875 0.08194444444444444 1
466.0 2.0 0.094140625 0.03611111111111111 0.05859375 0.05277777777777778 1
467.0 2.0 0.0921875 0.03958333333333333 0.0625 0.07361111111111111 1
468.0 2.0 0.087890625 0.04027777777777778 0.04921875 0.075 1
469.0 2.0 0.08984375 0.04027777777777778 0.0515625 0.07222222222222222 1
470.0 2.0 0.09140625 0.05416666666666667 0.0546875 0.1 1
471.0 2.0 0.090625 0.05763888888888889 0.05625 0.10416666666666667 1
472.0 2.0 0.090625 0.05486111111111111 0.0546875 0.10138888888888889 1
473.0 2.0 0.0890625 0.05347222222222222 0.0625 0.10694444444444444 1
474.0 2.0 0.0875 0.05347222222222222 0.0625 0.09861111111111111 1
475.0 2.0 0.088671875 0.05555555555555555 0.06015625 0.09444444444444444 1
476.0 2.0 0.0875 0.05277777777777778 0.0625 0.10277777777777777 1
477.0 2.0 0.086328125 0.05486111111111111 0.06953125 0.10694444444444444 1
478.0 2.0 0.088671875 0.07083333333333333 0.05703125 0.12777777777777777 1
479.0 2.0 0.08828125 0.07083333333333333 0.059375 0.1388888888888889 1
480.0 2.0 0.08828125 0.07083333333333333 0.059375 0.1388888888888889 1
481.0 2.0 0.08828125 0.07083333333333333 0.059375 0.1388888888888889 1
482.0 2.0 0.081640625 0.07222222222222222 0.05859375 0.1361111111111111 1
483.0 2.0 0.08515625 0.0763888888888889 0.059375 0.1388888888888889 1
484.0 2.0 0.08515625 0.0763888888888889 0.059375 0.1388888888888889 1
485.0 2.0 0.019921875 0.05347222222222222 0.03671875 0.10416666666666667 2
485.0 2.0 0.080859375 0.06666666666666667 0.06484375 0.13055555555555556 1
486.0 2.0 0.08515625 0.07916666666666666 0.059375 0.1388888888888889 1
486.0 2.0 0.021484375 0.059722222222222225 0.04296875 0.1111111111111111 2
487.0 2.0 0.094140625 0.06736111111111111 0.07890625 0.12916666666666668 1
488.0 2.0 0.090234375 0.07916666666666666 0.09609375 0.15833333333333333 1
489.0 2.0 0.0953125 0.08402777777777778 0.0890625 0.1625 1
489.0 2.0 0.02421875 0.06319444444444444 0.0484375 0.10972222222222222 2
490.0 2.0 0.100390625 0.08333333333333333 0.08828125 0.1638888888888889 1
490.0 2.0 0.025390625 0.06458333333333334 0.05078125 0.11527777777777778 2
491.0 2.0 0.099609375 0.0798611111111111 0.07265625 0.15694444444444444 1
491.0 2.0 0.026171875 0.0625 0.05234375 0.11944444444444445 2
492.0 2.0 0.105078125 0.07777777777777778 0.07890625 0.13055555555555556 1
492.0 2.0 0.025390625 0.06180555555555556 0.05078125 0.11527777777777778 2
493.0 2.0 0.105859375 0.08055555555555556 0.07890625 0.13055555555555556 1
493.0 2.0 0.0265625 0.06180555555555556 0.053125 0.1125 2
494.0 2.0 0.105078125 0.1 0.08515625 0.19444444444444445 1
494.0 2.0 0.03046875 0.0625 0.0609375 0.12222222222222222 2
495.0 2.0 0.109375 0.09513888888888888 0.0859375 0.1875 1
495.0 2.0 0.028515625 0.06180555555555556 0.05390625 0.11805555555555555 2
496.0 2.0 0.107421875 0.09791666666666667 0.07890625 0.19583333333333333 1
496.0 2.0 0.0296875 0.08263888888888889 0.0546875 0.15138888888888888 2
497.0 2.0 0.104296875 0.10486111111111111 0.07109375 0.1986111111111111 1
497.0 2.0 0.026171875 0.09236111111111112 0.04921875 0.16805555555555557 2
498.0 2.0 0.10546875 0.09513888888888888 0.0734375 0.1875 1
498.0 2.0 0.025 0.09444444444444444 0.05 0.17777777777777778 2
499.0 2.0 0.10390625 0.1076388888888889 0.075 0.2013888888888889 1
499.0 2.0 0.028125 0.09513888888888888 0.0515625 0.18194444444444444 2
500.0 2.0 0.10625 0.10069444444444445 0.078125 0.1986111111111111 1
500.0 2.0 0.025 0.09652777777777778 0.0484375 0.17916666666666667 2
501.0 2.0 0.11640625 0.1125 0.0828125 0.21388888888888888 1
501.0 2.0 0.030859375 0.10138888888888889 0.06015625 0.17222222222222222 2
502.0 2.0 0.116796875 0.1125 0.08359375 0.21666666666666667 1
502.0 2.0 0.033984375 0.09583333333333334 0.06796875 0.18055555555555555 2
503.0 2.0 0.11875 0.10416666666666667 0.071875 0.19444444444444445 1
503.0 2.0 0.043359375 0.09513888888888888 0.07421875 0.1736111111111111 2
504.0 2.0 0.0484375 0.10486111111111111 0.09375 0.1986111111111111 2
504.0 2.0 0.125390625 0.10972222222222222 0.07109375 0.2111111111111111 1
505.0 2.0 0.12265625 0.11597222222222223 0.0703125 0.22083333333333333 1
505.0 2.0 0.046875 0.09444444444444444 0.090625 0.18888888888888888 2
506.0 2.0 0.12421875 0.11458333333333333 0.0765625 0.22361111111111112 1
506.0 2.0 0.046875 0.09930555555555555 0.090625 0.18472222222222223 2
507.0 2.0 0.124609375 0.13402777777777777 0.06484375 0.25972222222222224 1
507.0 2.0 0.047265625 0.1076388888888889 0.09453125 0.1986111111111111 2
508.0 2.0 0.12421875 0.13402777777777777 0.0671875 0.25972222222222224 1
508.0 2.0 0.044140625 0.09513888888888888 0.08828125 0.1736111111111111 2
509.0 2.0 0.128125 0.1388888888888889 0.071875 0.2777777777777778 1
509.0 2.0 0.04609375 0.10208333333333333 0.0921875 0.19583333333333333 2
510.0 2.0 0.13203125 0.13194444444444445 0.08125 0.25833333333333336 1
510.0 2.0 0.045703125 0.10694444444444444 0.08828125 0.20555555555555555 2
511.0 2.0 0.125 0.13194444444444445 0.0703125 0.2611111111111111 1
511.0 2.0 0.046875 0.13541666666666666 0.090625 0.2625 2
512.0 2.0 0.125 0.13194444444444445 0.0703125 0.2611111111111111 1
512.0 2.0 0.046875 0.13541666666666666 0.090625 0.2625 2
513.0 2.0 0.1296875 0.13472222222222222 0.0703125 0.2611111111111111 1
513.0 2.0 0.0484375 0.13958333333333334 0.090625 0.2625 2
514.0 2.0 0.134375 0.1375 0.0703125 0.2611111111111111 1
514.0 2.0 0.0515625 0.13819444444444445 0.090625 0.2625 2
515.0 2.0 0.140625 0.14027777777777778 0.0703125 0.2611111111111111 1
515.0 2.0 0.0546875 0.13958333333333334 0.090625 0.2625 2
516.0 2.0 0.146875 0.1486111111111111 0.0703125 0.2611111111111111 1
516.0 2.0 0.059375 0.13819444444444445 0.090625 0.2625 2
516.0 2.0 0.12890625 0.0763888888888889 0.0734375 0.1527777777777778 3
517.0 2.0 0.1515625 0.15138888888888888 0.0703125 0.2611111111111111 1
517.0 2.0 0.0625 0.13958333333333334 0.090625 0.2625 2
518.0 2.0 0.15625 0.15416666666666667 0.0703125 0.2611111111111111 1
518.0 2.0 0.0671875 0.13819444444444445 0.090625 0.2625 2
519.0 2.0 0.1609375 0.15416666666666667 0.0703125 0.2611111111111111 1
519.0 2.0 0.10703125 0.14166666666666666 0.0953125 0.28055555555555556 2
519.0 2.0 0.0578125 0.08958333333333333 0.065625 0.1597222222222222 3
520.0 2.0 0.165625 0.15694444444444444 0.0703125 0.2611111111111111 1
520.0 2.0 0.1015625 0.1423611111111111 0.090625 0.2763888888888889 2
520.0 2.0 0.05859375 0.08472222222222223 0.0625 0.16111111111111112 3
521.0 2.0 0.16875 0.1597222222222222 0.0703125 0.2611111111111111 1
521.0 2.0 0.1015625 0.1423611111111111 0.090625 0.2763888888888889 2
521.0 2.0 0.05859375 0.08402777777777778 0.0625 0.1625 3
522.0 2.0 0.171875 0.15694444444444444 0.0703125 0.2611111111111111 1
522.0 2.0 0.1046875 0.14930555555555555 0.090625 0.2763888888888889 2
522.0 2.0 0.05859375 0.08541666666666667 0.0625 0.1625 3
523.0 2.0 0.175 0.1597222222222222 0.0703125 0.2611111111111111 1
523.0 2.0 0.1078125 0.15902777777777777 0.090625 0.2763888888888889 2
523.0 2.0 0.05859375 0.08680555555555555 0.0625 0.1625 3
523.0 2.0 0.15625 0.09652777777777778 0.065625 0.19027777777777777 4
524.0 2.0 0.1796875 0.15694444444444444 0.0703125 0.2611111111111111 1
524.0 2.0 0.1109375 0.16875 0.090625 0.2763888888888889 2
524.0 2.0 0.05859375 0.08819444444444445 0.0625 0.1625 3
524.0 2.0 0.157421875 0.11527777777777778 0.07109375 0.21944444444444444 4
525.0 2.0 0.184375 0.15694444444444444 0.0703125 0.2611111111111111 1
525.0 2.0 0.115625 0.17291666666666666 0.090625 0.2763888888888889 2
525.0 2.0 0.06015625 0.09236111111111112 0.0625 0.1625 3
525.0 2.0 0.153515625 0.09722222222222222 0.07265625 0.18055555555555555 4
526.0 2.0 0.190625 0.15416666666666667 0.0703125 0.2611111111111111 1
526.0 2.0 0.1203125 0.17152777777777778 0.090625 0.2763888888888889 2
526.0 2.0 0.06328125 0.09375 0.0625 0.1625 3
526.0 2.0 0.17109375 0.09513888888888888 0.06875 0.1625 4
527.0 2.0 0.1984375 0.1486111111111111 0.0703125 0.2611111111111111 1
527.0 2.0 0.125 0.17291666666666666 0.090625 0.2763888888888889 2
527.0 2.0 0.060546875 0.09305555555555556 0.05546875 0.18333333333333332 3
527.0 2.0 0.173828125 0.08819444444444445 0.06796875 0.16805555555555557 4
528.0 2.0 0.20625 0.14027777777777778 0.0703125 0.2611111111111111 1
528.0 2.0 0.13125 0.17152777777777778 0.090625 0.2763888888888889 2
528.0 2.0 0.07109375 0.09652777777777778 0.0640625 0.1763888888888889 3
528.0 2.0 0.17734375 0.0763888888888889 0.0640625 0.1361111111111111 4
529.0 2.0 0.2140625 0.1375 0.0703125 0.2611111111111111 1
529.0 2.0 0.1390625 0.17569444444444443 0.090625 0.2763888888888889 2
529.0 2.0 0.0734375 0.1125 0.065625 0.21666666666666667 3
529.0 2.0 0.187109375 0.08194444444444444 0.06640625 0.15 4
530.0 2.0 0.2234375 0.1375 0.0703125 0.2611111111111111 1
530.0 2.0 0.1328125 0.18680555555555556 0.1140625 0.35694444444444445 2
530.0 2.0 0.07421875 0.1111111111111111 0.0578125 0.21944444444444444 3
530.0 2.0 0.19453125 0.08680555555555555 0.0671875 0.16805555555555557 4
531.0 2.0 0.2328125 0.13472222222222222 0.0703125 0.2611111111111111 1
531.0 2.0 0.1328125 0.18680555555555556 0.1140625 0.35694444444444445 2
531.0 2.0 0.08359375 0.1076388888888889 0.0640625 0.2152777777777778 3
531.0 2.0 0.194140625 0.08680555555555555 0.06953125 0.15416666666666667 4
532.0 2.0 0.24375 0.14027777777777778 0.0703125 0.2611111111111111 1
532.0 2.0 0.1359375 0.19375 0.1140625 0.35694444444444445 2
532.0 2.0 0.084765625 0.11527777777777778 0.06171875 0.2222222222222222 3
532.0 2.0 0.19296875 0.09027777777777778 0.0703125 0.16111111111111112 4
533.0 2.0 0.1375 0.20069444444444445 0.1140625 0.35694444444444445 2
533.0 2.0 0.231640625 0.17291666666666666 0.10234375 0.3402777777777778 1
533.0 2.0 0.089453125 0.11805555555555555 0.06328125 0.22777777777777777 3
533.0 2.0 0.20078125 0.09444444444444444 0.0703125 0.18888888888888888 4
534.0 2.0 0.1390625 0.20208333333333334 0.1140625 0.35694444444444445 2
534.0 2.0 0.256640625 0.17222222222222222 0.11953125 0.3416666666666667 1
534.0 2.0 0.091796875 0.12222222222222222 0.06640625 0.2361111111111111 3
534.0 2.0 0.18984375 0.10277777777777777 0.0703125 0.20555555555555555 4
535.0 2.0 0.1421875 0.20347222222222222 0.1140625 0.35694444444444445 2
535.0 2.0 0.256640625 0.17222222222222222 0.11953125 0.3416666666666667 1
535.0 2.0 0.091796875 0.12222222222222222 0.06640625 0.2361111111111111 3
535.0 2.0 0.1953125 0.10972222222222222 0.065625 0.2 4
536.0 2.0 0.1453125 0.20208333333333334 0.1140625 0.35694444444444445 2
536.0 2.0 0.265234375 0.17777777777777778 0.11953125 0.3416666666666667 1
536.0 2.0 0.094140625 0.12222222222222222 0.06640625 0.2361111111111111 3
536.0 2.0 0.1984375 0.1076388888888889 0.065625 0.2013888888888889 4
537.0 2.0 0.1484375 0.20347222222222222 0.1140625 0.35694444444444445 2
537.0 2.0 0.273828125 0.18055555555555555 0.11953125 0.3416666666666667 1
537.0 2.0 0.098046875 0.125 0.06640625 0.2361111111111111 3
537.0 2.0 0.200390625 0.12569444444444444 0.06640625 0.23194444444444445 4
538.0 2.0 0.1515625 0.20208333333333334 0.1140625 0.35694444444444445 2
538.0 2.0 0.283984375 0.18333333333333332 0.11953125 0.3416666666666667 1
538.0 2.0 0.103515625 0.12777777777777777 0.06640625 0.2361111111111111 3
538.0 2.0 0.1984375 0.12569444444444444 0.0609375 0.22083333333333333 4
539.0 2.0 0.15625 0.20625 0.1140625 0.35694444444444445 2
539.0 2.0 0.295703125 0.18888888888888888 0.11953125 0.3416666666666667 1
539.0 2.0 0.108984375 0.13333333333333333 0.06640625 0.2361111111111111 3
539.0 2.0 0.2015625 0.1326388888888889 0.06875 0.20972222222222223 4
540.0 2.0 0.159375 0.2076388888888889 0.1140625 0.35694444444444445 2
540.0 2.0 0.308984375 0.19722222222222222 0.11953125 0.3416666666666667 1
540.0 2.0 0.112890625 0.1388888888888889 0.06640625 0.2361111111111111 3
540.0 2.0 0.2078125 0.12638888888888888 0.0796875 0.23333333333333334 4
541.0 2.0 0.1625 0.20902777777777778 0.1140625 0.35694444444444445 2
541.0 2.0 0.320703125 0.20555555555555555 0.11953125 0.3416666666666667 1
541.0 2.0 0.116796875 0.14166666666666666 0.06640625 0.2361111111111111 3
541.0 2.0 0.21953125 0.13958333333333334 0.0859375 0.2708333333333333 4
542.0 2.0 0.344140625 0.20208333333333334 0.18984375 0.3875 1
542.0 2.0 0.143359375 0.22152777777777777 0.16953125 0.4263888888888889 2
542.0 2.0 0.128125 0.15555555555555556 0.0875 0.2916666666666667 3
542.0 2.0 0.2203125 0.1486111111111111 0.0890625 0.29444444444444445 4
543.0 2.0 0.353125 0.19652777777777777 0.203125 0.37916666666666665 1
543.0 2.0 0.148046875 0.2125 0.16953125 0.41944444444444445 2
543.0 2.0 0.126171875 0.14930555555555555 0.09140625 0.29583333333333334 3
543.0 2.0 0.225 0.14444444444444443 0.0984375 0.2777777777777778 4
544.0 2.0 0.353125 0.19652777777777777 0.203125 0.37916666666666665 1
544.0 2.0 0.148046875 0.2125 0.16953125 0.41944444444444445 2
544.0 2.0 0.2328125 0.15555555555555556 0.09375 0.29444444444444445 4
544.0 2.0 0.1296875 0.15555555555555556 0.08125 0.30277777777777776 3
545.0 2.0 0.150390625 0.2125 0.16953125 0.41944444444444445 2
545.0 2.0 0.376953125 0.18958333333333333 0.18984375 0.3736111111111111 1
545.0 2.0 0.240234375 0.14791666666666667 0.12578125 0.29583333333333334 4
545.0 2.0 0.136328125 0.15069444444444444 0.08203125 0.29305555555555557 3
546.0 2.0 0.371875 0.2076388888888889 0.203125 0.37916666666666665 1
546.0 2.0 0.152734375 0.2125 0.16953125 0.41944444444444445 2
546.0 2.0 0.14296875 0.1486111111111111 0.0796875 0.2861111111111111 3
546.0 2.0 0.24609375 0.15 0.1296875 0.2916666666666667 4
547.0 2.0 0.3828125 0.21458333333333332 0.203125 0.37916666666666665 1
547.0 2.0 0.156640625 0.2125 0.16953125 0.41944444444444445 2
547.0 2.0 0.24609375 0.1597222222222222 0.1140625 0.30833333333333335 4
547.0 2.0 0.1515625 0.15 0.065625 0.26666666666666666 3
548.0 2.0 0.160546875 0.20972222222222223 0.16953125 0.41944444444444445 2
548.0 2.0 0.423828125 0.23194444444444445 0.21328125 0.4027777777777778 1
548.0 2.0 0.25546875 0.16666666666666666 0.1140625 0.3333333333333333 4
548.0 2.0 0.156640625 0.15555555555555556 0.08046875 0.2916666666666667 3
549.0 2.0 0.166015625 0.2125 0.16953125 0.41944444444444445 2
549.0 2.0 0.4375 0.21666666666666667 0.2203125 0.4166666666666667 1
549.0 2.0 0.167578125 0.18263888888888888 0.09765625 0.3486111111111111 3
549.0 2.0 0.262890625 0.1736111111111111 0.12265625 0.33611111111111114 4
550.0 2.0 0.169921875 0.20833333333333334 0.16953125 0.4166666666666667 2
550.0 2.0 0.446875 0.22013888888888888 0.234375 0.4125 1
550.0 2.0 0.257421875 0.16458333333333333 0.09296875 0.3236111111111111 4
550.0 2.0 0.171875 0.17916666666666667 0.096875 0.3388888888888889 3
551.0 2.0 0.175390625 0.20694444444444443 0.16953125 0.41388888888888886 2
551.0 2.0 0.464453125 0.21319444444444444 0.21484375 0.39861111111111114 1
551.0 2.0 0.265234375 0.1625 0.08203125 0.325 4
551.0 2.0 0.173828125 0.1798611111111111 0.08671875 0.35138888888888886 3
552.0 2.0 0.179296875 0.20694444444444443 0.16953125 0.41388888888888886 2
552.0 2.0 0.476171875 0.22013888888888888 0.22578125 0.4041666666666667 1
552.0 2.0 0.265625 0.17152777777777778 0.08125 0.3347222222222222 4
552.0 2.0 0.1703125 0.1625 0.078125 0.3111111111111111 3
553.0 2.0 0.184765625 0.20694444444444443 0.16953125 0.41388888888888886 2
553.0 2.0 0.487109375 0.22083333333333333 0.20390625 0.4083333333333333 1
553.0 2.0 0.26796875 0.1638888888888889 0.0828125 0.32222222222222224 4
553.0 2.0 0.154296875 0.15625 0.09921875 0.29583333333333334 3
554.0 2.0 0.188671875 0.20555555555555555 0.16953125 0.4111111111111111 2
554.0 2.0 0.494140625 0.22083333333333333 0.21953125 0.4027777777777778 1
554.0 2.0 0.269140625 0.16805555555555557 0.10703125 0.33611111111111114 4
554.0 2.0 0.165625 0.16111111111111112 0.0953125 0.3111111111111111 3
555.0 2.0 0.192578125 0.20416666666666666 0.16953125 0.4083333333333333 2
555.0 2.0 0.494140625 0.22083333333333333 0.21953125 0.4027777777777778 1
555.0 2.0 0.269140625 0.16805555555555557 0.10703125 0.33611111111111114 4
555.0 2.0 0.16796875 0.16597222222222222 0.0984375 0.31805555555555554 3
556.0 2.0 0.196484375 0.20416666666666666 0.16953125 0.4083333333333333 2
556.0 2.0 0.271484375 0.16666666666666666 0.10703125 0.3333333333333333 4
556.0 2.0 0.51875 0.2263888888888889 0.225 0.4083333333333333 1
556.0 2.0 0.171484375 0.15347222222222223 0.08671875 0.2902777777777778 3
557.0 2.0 0.198828125 0.20555555555555555 0.16953125 0.4111111111111111 2
557.0 2.0 0.273828125 0.16527777777777777 0.10703125 0.33055555555555555 4
557.0 2.0 0.538671875 0.2298611111111111 0.22265625 0.4097222222222222 1
557.0 2.0 0.17734375 0.1527777777777778 0.0828125 0.2972222222222222 3
558.0 2.0 0.201171875 0.20694444444444443 0.16953125 0.41388888888888886 2
558.0 2.0 0.277734375 0.1625 0.10703125 0.325 4
558.0 2.0 0.54140625 0.23055555555555557 0.2265625 0.41944444444444445 1
558.0 2.0 0.1796875 0.16319444444444445 0.090625 0.31527777777777777 3
559.0 2.0 0.205078125 0.20972222222222223 0.16953125 0.41944444444444445 2
559.0 2.0 0.284765625 0.1597222222222222 0.10703125 0.3194444444444444 4
559.0 2.0 0.562890625 0.22916666666666666 0.22265625 0.4083333333333333 1
559.0 2.0 0.18515625 0.15902777777777777 0.0921875 0.31805555555555554 3
560.0 2.0 0.207421875 0.2125 0.16953125 0.41944444444444445 2
560.0 2.0 0.291796875 0.15833333333333333 0.10703125 0.31666666666666665 4
560.0 2.0 0.56640625 0.23333333333333334 0.2234375 0.4111111111111111 1
560.0 2.0 0.192578125 0.15555555555555556 0.08984375 0.30277777777777776 3
561.0 2.0 0.211328125 0.20972222222222223 0.16953125 0.41944444444444445 2
561.0 2.0 0.298828125 0.1597222222222222 0.10703125 0.3194444444444444 4
561.0 2.0 0.57578125 0.23333333333333334 0.2234375 0.4111111111111111 1
561.0 2.0 0.19296875 0.16041666666666668 0.1 0.32083333333333336 3
562.0 2.0 0.213671875 0.2125 0.16953125 0.41944444444444445 2
562.0 2.0 0.305859375 0.16111111111111112 0.10703125 0.32222222222222224 4
562.0 2.0 0.582421875 0.23125 0.21328125 0.41805555555555557 1
562.0 2.0 0.198828125 0.15416666666666667 0.10546875 0.3 3
563.0 2.0 0.217578125 0.2125 0.16953125 0.41944444444444445 2
563.0 2.0 0.314453125 0.1638888888888889 0.10703125 0.3277777777777778 4
563.0 2.0 0.591015625 0.22916666666666666 0.21484375 0.4166666666666667 1
563.0 2.0 0.19921875 0.15555555555555556 0.109375 0.3 3
564.0 2.0 0.221484375 0.2152777777777778 0.16953125 0.41944444444444445 2
564.0 2.0 0.319921875 0.16527777777777777 0.10703125 0.33055555555555555 4
564.0 2.0 0.602734375 0.23402777777777778 0.20859375 0.4236111111111111 1
564.0 2.0 0.203515625 0.1625 0.11953125 0.31666666666666665 3
565.0 2.0 0.228515625 0.21805555555555556 0.16953125 0.41944444444444445 2
565.0 2.0 0.326953125 0.16666666666666666 0.10703125 0.3333333333333333 4
565.0 2.0 0.60546875 0.22708333333333333 0.2140625 0.4097222222222222 1
565.0 2.0 0.201953125 0.15902777777777777 0.11953125 0.31527777777777777 3
566.0 2.0 0.235546875 0.2152777777777778 0.16953125 0.41944444444444445 2
566.0 2.0 0.36953125 0.16111111111111112 0.165625 0.31666666666666665 4
566.0 2.0 0.615625 0.21319444444444444 0.203125 0.39305555555555555 1
566.0 2.0 0.213671875 0.16111111111111112 0.12734375 0.3138888888888889 3
567.0 2.0 0.244140625 0.22361111111111112 0.16953125 0.41944444444444445 2
567.0 2.0 0.383984375 0.1638888888888889 0.16328125 0.30833333333333335 4
567.0 2.0 0.618359375 0.2076388888888889 0.21328125 0.3902777777777778 1
567.0 2.0 0.226953125 0.1625 0.14140625 0.3138888888888889 3
568.0 2.0 0.249609375 0.2263888888888889 0.16953125 0.41944444444444445 2
568.0 2.0 0.62265625 0.21319444444444444 0.2109375 0.41805555555555557 1
568.0 2.0 0.39453125 0.19166666666666668 0.1765625 0.3638888888888889 4
568.0 2.0 0.23203125 0.17152777777777778 0.146875 0.33194444444444443 3
569.0 2.0 0.256640625 0.23194444444444445 0.16953125 0.41944444444444445 2
569.0 2.0 0.398046875 0.20208333333333334 0.19140625 0.3486111111111111 4
569.0 2.0 0.634375 0.20972222222222223 0.2 0.3861111111111111 1
569.0 2.0 0.2375 0.17083333333333334 0.1421875 0.325 3
570.0 2.0 0.260546875 0.23472222222222222 0.16953125 0.41944444444444445 2
570.0 2.0 0.6453125 0.21388888888888888 0.2 0.41388888888888886 1
570.0 2.0 0.41171875 0.2 0.1953125 0.33055555555555555 4
570.0 2.0 0.245703125 0.17222222222222222 0.13828125 0.3333333333333333 3
571.0 2.0 0.303515625 0.23819444444444443 0.18984375 0.44583333333333336 2
571.0 2.0 0.249609375 0.16319444444444445 0.13515625 0.3263888888888889 3
571.0 2.0 0.42578125 0.21041666666666667 0.1828125 0.3347222222222222 4
571.0 2.0 0.651171875 0.19791666666666666 0.17734375 0.37916666666666665 1
572.0 2.0 0.433203125 0.20694444444444443 0.19140625 0.32222222222222224 4
572.0 2.0 0.658984375 0.2 0.17421875 0.39166666666666666 1
572.0 2.0 0.31875 0.24166666666666667 0.203125 0.4388888888888889 2
572.0 2.0 0.254296875 0.16666666666666666 0.14453125 0.3277777777777778 3
573.0 2.0 0.259765625 0.18263888888888888 0.14765625 0.35694444444444445 3
573.0 2.0 0.3359375 0.24166666666666667 0.1953125 0.44166666666666665 2
573.0 2.0 0.44140625 0.20347222222222222 0.1921875 0.32083333333333336 4
573.0 2.0 0.6671875 0.20208333333333334 0.175 0.3875 1
574.0 2.0 0.346484375 0.23194444444444445 0.20546875 0.4361111111111111 2
574.0 2.0 0.265625 0.17708333333333334 0.153125 0.3458333333333333 3
574.0 2.0 0.45390625 0.21597222222222223 0.196875 0.32083333333333336 4
574.0 2.0 0.66953125 0.19375 0.175 0.3763888888888889 1
575.0 2.0 0.66875 0.1951388888888889 0.196875 0.38472222222222224 1
575.0 2.0 0.4734375 0.21041666666666667 0.2 0.3013888888888889 4
575.0 2.0 0.362109375 0.23472222222222222 0.21640625 0.45555555555555555 2
575.0 2.0 0.276171875 0.18263888888888888 0.15859375 0.35694444444444445 3
576.0 2.0 0.48125 0.21319444444444444 0.209375 0.30694444444444446 4
576.0 2.0 0.683203125 0.18888888888888888 0.17265625 0.36944444444444446 1
576.0 2.0 0.373046875 0.23472222222222222 0.20859375 0.44166666666666665 2
576.0 2.0 0.27890625 0.18055555555555555 0.159375 0.3472222222222222 3
577.0 2.0 0.48125 0.21319444444444444 0.209375 0.30694444444444446 4
577.0 2.0 0.683203125 0.18888888888888888 0.17265625 0.36944444444444446 1
577.0 2.0 0.3875 0.2263888888888889 0.1984375 0.44722222222222224 2
577.0 2.0 0.293359375 0.18333333333333332 0.16640625 0.3611111111111111 3
578.0 2.0 0.513671875 0.24861111111111112 0.21953125 0.4027777777777778 4
578.0 2.0 0.685546875 0.18888888888888888 0.17265625 0.36944444444444446 1
578.0 2.0 0.383203125 0.2375 0.20859375 0.44166666666666665 2
578.0 2.0 0.28671875 0.18055555555555555 0.159375 0.3472222222222222 3
579.0 2.0 0.5 0.2298611111111111 0.209375 0.30694444444444446 4
579.0 2.0 0.689453125 0.18888888888888888 0.17265625 0.36944444444444446 1
579.0 2.0 0.391796875 0.24305555555555555 0.20859375 0.44166666666666665 2
579.0 2.0 0.29453125 0.18055555555555555 0.159375 0.3472222222222222 3
580.0 2.0 0.690234375 0.18888888888888888 0.17265625 0.36944444444444446 1
580.0 2.0 0.30390625 0.18333333333333332 0.159375 0.3472222222222222 3
580.0 2.0 0.5375 0.24791666666666667 0.2078125 0.3819444444444444 4
580.0 2.0 0.4265625 0.22083333333333333 0.2 0.4361111111111111 2
581.0 2.0 0.694140625 0.18888888888888888 0.17265625 0.36944444444444446 1
581.0 2.0 0.31484375 0.18611111111111112 0.159375 0.3472222222222222 3
581.0 2.0 0.551171875 0.24513888888888888 0.21171875 0.37083333333333335 4
581.0 2.0 0.440234375 0.22361111111111112 0.20546875 0.41944444444444445 2
582.0 2.0 0.696484375 0.18611111111111112 0.17265625 0.36944444444444446 1
582.0 2.0 0.56640625 0.2423611111111111 0.2046875 0.39305555555555555 4
582.0 2.0 0.451171875 0.23819444444444443 0.21171875 0.44583333333333336 2
582.0 2.0 0.33984375 0.18819444444444444 0.1609375 0.3736111111111111 3
583.0 2.0 0.700390625 0.1840277777777778 0.17265625 0.3680555555555556 1
583.0 2.0 0.4625 0.24583333333333332 0.2078125 0.44722222222222224 2
583.0 2.0 0.584375 0.22777777777777777 0.19375 0.3972222222222222 4
583.0 2.0 0.34921875 0.19166666666666668 0.1640625 0.375 3
584.0 2.0 0.704296875 0.18125 0.17265625 0.3625 1
584.0 2.0 0.34296875 0.19444444444444445 0.159375 0.3472222222222222 3
584.0 2.0 0.59296875 0.21388888888888888 0.1953125 0.39444444444444443 4
584.0 2.0 0.47734375 0.23819444444444443 0.215625 0.42916666666666664 2
585.0 2.0 0.715234375 0.16805555555555557 0.16484375 0.3277777777777778 1
585.0 2.0 0.60546875 0.20555555555555555 0.2078125 0.39166666666666666 4
585.0 2.0 0.494140625 0.2513888888888889 0.20859375 0.4361111111111111 2
585.0 2.0 0.368359375 0.18819444444444444 0.15859375 0.3763888888888889 3
586.0 2.0 0.716796875 0.17708333333333334 0.17265625 0.3541666666666667 1
586.0 2.0 0.36015625 0.20277777777777778 0.159375 0.3472222222222222 3
586.0 2.0 0.616015625 0.20902777777777778 0.19921875 0.37083333333333335 4
586.0 2.0 0.51171875 0.2513888888888889 0.2078125 0.43333333333333335 2
587.0 2.0 0.726953125 0.17430555555555555 0.17265625 0.3486111111111111 1
587.0 2.0 0.628515625 0.19930555555555557 0.18203125 0.3819444444444444 4
587.0 2.0 0.5234375 0.24930555555555556 0.2 0.4486111111111111 2
587.0 2.0 0.396875 0.21041666666666667 0.1625 0.4125 3
588.0 2.0 0.732421875 0.17291666666666666 0.17265625 0.3458333333333333 1
588.0 2.0 0.640625 0.20069444444444445 0.175 0.39305555555555555 4
588.0 2.0 0.53203125 0.23472222222222222 0.196875 0.4111111111111111 2
588.0 2.0 0.3984375 0.20972222222222223 0.1890625 0.40555555555555556 3
589.0 2.0 0.641015625 0.1986111111111111 0.16484375 0.39444444444444443 4
589.0 2.0 0.751171875 0.17083333333333334 0.09921875 0.3333333333333333 1
589.0 2.0 0.541796875 0.22708333333333333 0.17421875 0.4097222222222222 2
589.0 2.0 0.408203125 0.21388888888888888 0.18359375 0.3972222222222222 3
590.0 2.0 0.39921875 0.225 0.159375 0.3472222222222222 3
590.0 2.0 0.75703125 0.1763888888888889 0.1109375 0.3333333333333333 1
590.0 2.0 0.651171875 0.19652777777777777 0.13203125 0.37916666666666665 4
590.0 2.0 0.558984375 0.22569444444444445 0.15859375 0.4041666666666667 2
591.0 2.0 0.75546875 0.15763888888888888 0.1015625 0.30694444444444446 1
591.0 2.0 0.665234375 0.1986111111111111 0.11484375 0.3861111111111111 4
591.0 2.0 0.570703125 0.225 0.16953125 0.4166666666666667 2
591.0 2.0 0.43203125 0.22083333333333333 0.2 0.3972222222222222 3
592.0 2.0 0.758984375 0.14027777777777778 0.09921875 0.26944444444444443 1
592.0 2.0 0.671875 0.2013888888888889 0.1125 0.4 4
592.0 2.0 0.584765625 0.21736111111111112 0.15859375 0.4263888888888889 2
592.0 2.0 0.44765625 0.21666666666666667 0.203125 0.39444444444444443 3
593.0 2.0 0.766796875 0.13194444444444445 0.08984375 0.25555555555555554 1
593.0 2.0 0.676953125 0.1951388888888889 0.10859375 0.3819444444444444 4
593.0 2.0 0.599609375 0.20694444444444443 0.14765625 0.3972222222222222 2
593.0 2.0 0.45625 0.22430555555555556 0.215625 0.39305555555555555 3
594.0 2.0 0.771875 0.12916666666666668 0.090625 0.25277777777777777 1
594.0 2.0 0.68515625 0.17291666666666666 0.103125 0.3402777777777778 4
594.0 2.0 0.6140625 0.20833333333333334 0.1375 0.3972222222222222 2
594.0 2.0 0.474609375 0.22361111111111112 0.21171875 0.37777777777777777 3
595.0 2.0 0.78125 0.12152777777777778 0.090625 0.24027777777777778 1
595.0 2.0 0.68671875 0.16180555555555556 0.1109375 0.31527777777777777 4
595.0 2.0 0.61953125 0.2 0.1328125 0.39166666666666666 2
595.0 2.0 0.483984375 0.22430555555555556 0.21171875 0.3902777777777778 3
596.0 2.0 0.7875 0.1076388888888889 0.084375 0.2125 1
596.0 2.0 0.696875 0.15902777777777777 0.09375 0.30972222222222223 4
596.0 2.0 0.629296875 0.21041666666666667 0.10390625 0.40694444444444444 2
596.0 2.0 0.4921875 0.22083333333333333 0.2109375 0.4 3
597.0 2.0 0.7875 0.1076388888888889 0.084375 0.2125 1
597.0 2.0 0.696875 0.15902777777777777 0.09375 0.30972222222222223 4
597.0 2.0 0.4921875 0.22083333333333333 0.2109375 0.4 3
597.0 2.0 0.639453125 0.20833333333333334 0.10546875 0.39166666666666666 2
598.0 2.0 0.7921875 0.10208333333333333 0.084375 0.20416666666666666 1
598.0 2.0 0.7015625 0.15347222222222223 0.09375 0.30694444444444446 4
598.0 2.0 0.633203125 0.20625 0.10390625 0.40694444444444444 2
598.0 2.0 0.5 0.23194444444444445 0.2109375 0.4 3
599.0 2.0 0.7953125 0.09444444444444444 0.084375 0.18888888888888888 1
599.0 2.0 0.70625 0.15 0.09375 0.3 4
599.0 2.0 0.5109375 0.24027777777777778 0.2109375 0.4 3
599.0 2.0 0.65546875 0.1736111111111111 0.1 0.3277777777777778 2
600.0 2.0 0.7984375 0.08958333333333333 0.084375 0.17916666666666667 1
600.0 2.0 0.7109375 0.1423611111111111 0.09375 0.2847222222222222 4
600.0 2.0 0.5203125 0.24583333333333332 0.2109375 0.4 3
600.0 2.0 0.66015625 0.175 0.0984375 0.33611111111111114 2
601.0 2.0 0.8015625 0.08472222222222223 0.084375 0.16944444444444445 1
601.0 2.0 0.7171875 0.13472222222222222 0.09375 0.26944444444444443 4
601.0 2.0 0.53125 0.24583333333333332 0.2109375 0.4 3
601.0 2.0 0.671875 0.16597222222222222 0.096875 0.31805555555555554 2
602.0 2.0 0.8046875 0.07847222222222222 0.084375 0.15694444444444444 1
602.0 2.0 0.7234375 0.12430555555555556 0.09375 0.24861111111111112 4
602.0 2.0 0.540625 0.24583333333333332 0.2109375 0.4 3
602.0 2.0 0.680859375 0.15486111111111112 0.08828125 0.30416666666666664 2
603.0 2.0 0.809375 0.07222222222222222 0.084375 0.14444444444444443 1
603.0 2.0 0.5515625 0.24305555555555555 0.2109375 0.4 3
603.0 2.0 0.68984375 0.1736111111111111 0.0796875 0.3416666666666667 2
603.0 2.0 0.73828125 0.13680555555555557 0.0625 0.2625 4
604.0 2.0 0.815625 0.06736111111111111 0.084375 0.13472222222222222 1
604.0 2.0 0.5671875 0.2375 0.2109375 0.4 3
604.0 2.0 0.69765625 0.15416666666666667 0.0703125 0.3 2
604.0 2.0 0.745703125 0.10902777777777778 0.04453125 0.2152777777777778 4
605.0 2.0 0.8171875 0.06111111111111111 0.084375 0.12222222222222222 1
605.0 2.0 0.701953125 0.15555555555555556 0.08359375 0.30277777777777776 2
605.0 2.0 0.58828125 0.2152777777777778 0.2046875 0.3972222222222222 3
605.0 2.0 0.7453125 0.09236111111111112 0.0484375 0.17083333333333334 4
606.0 2.0 0.8203125 0.052083333333333336 0.084375 0.10416666666666667 1
606.0 2.0 0.715234375 0.14930555555555555 0.08984375 0.2986111111111111 2
606.0 2.0 0.6 0.20833333333333334 0.203125 0.4 3
606.0 2.0 0.744921875 0.07847222222222222 0.04453125 0.14305555555555555 4
607.0 2.0 0.821875 0.04583333333333333 0.084375 0.09166666666666666 1
607.0 2.0 0.6140625 0.20625 0.2015625 0.4041666666666667 3
607.0 2.0 0.705859375 0.14375 0.06171875 0.2847222222222222 2
607.0 2.0 0.747265625 0.07222222222222222 0.04453125 0.1361111111111111 4
608.0 2.0 0.8234375 0.03958333333333333 0.084375 0.07916666666666666 1
608.0 2.0 0.626171875 0.20416666666666666 0.19921875 0.4 3
608.0 2.0 0.707421875 0.11805555555555555 0.06796875 0.23055555555555557 2
608.0 2.0 0.75625 0.07777777777777778 0.0421875 0.1527777777777778 4
609.0 2.0 0.8234375 0.03611111111111111 0.084375 0.07222222222222222 1
609.0 2.0 0.641015625 0.20555555555555555 0.18671875 0.4 3
609.0 2.0 0.72265625 0.10347222222222222 0.0984375 0.20694444444444443 2
610.0 2.0 0.821875 0.035416666666666666 0.084375 0.07083333333333333 1
610.0 2.0 0.724609375 0.10833333333333334 0.10078125 0.20833333333333334 2
610.0 2.0 0.65 0.2048611111111111 0.1921875 0.3902777777777778 3
611.0 2.0 0.725390625 0.08819444444444445 0.10390625 0.16527777777777777 2
611.0 2.0 0.650390625 0.21666666666666667 0.16328125 0.4083333333333333 3
612.0 2.0 0.6578125 0.20277777777777778 0.146875 0.39444444444444443 3
612.0 2.0 0.739453125 0.0763888888888889 0.06015625 0.14444444444444443 2
613.0 2.0 0.67109375 0.20972222222222223 0.1515625 0.41388888888888886 3
613.0 2.0 0.731640625 0.07291666666666667 0.07109375 0.1375 2
614.0 2.0 0.666796875 0.20208333333333334 0.14140625 0.4013888888888889 3
614.0 2.0 0.72421875 0.05555555555555555 0.0703125 0.10833333333333334 2
615.0 2.0 0.666796875 0.1909722222222222 0.13828125 0.3763888888888889 3
615.0 2.0 0.725390625 0.07361111111111111 0.07109375 0.1361111111111111 2
616.0 2.0 0.6796875 0.18055555555555555 0.153125 0.35 3
616.0 2.0 0.72421875 0.06458333333333334 0.0703125 0.12083333333333333 2
617.0 2.0 0.687109375 0.17152777777777778 0.13828125 0.3347222222222222 3
617.0 2.0 0.721875 0.04861111111111111 0.0703125 0.09166666666666666 2
618.0 2.0 0.690625 0.16458333333333333 0.14375 0.32083333333333336 3
618.0 2.0 0.719921875 0.04652777777777778 0.07109375 0.0875 2
619.0 2.0 0.704296875 0.16180555555555556 0.13828125 0.31805555555555554 3
619.0 2.0 0.715234375 0.04513888888888889 0.06484375 0.08472222222222223 2
620.0 2.0 0.7171875 0.16944444444444445 0.115625 0.33055555555555555 3
620.0 2.0 0.715234375 0.03819444444444445 0.06484375 0.05694444444444444 2
621.0 2.0 0.71875 0.16319444444444445 0.1015625 0.3236111111111111 3
622.0 2.0 0.72421875 0.16180555555555556 0.1 0.31527777777777777 3
623.0 2.0 0.72421875 0.16180555555555556 0.1 0.31527777777777777 3
624.0 2.0 0.72578125 0.15486111111111112 0.1 0.30972222222222223 3
625.0 2.0 0.73046875 0.1486111111111111 0.1 0.2972222222222222 3
626.0 2.0 0.73359375 0.13958333333333334 0.1 0.2791666666666667 3
627.0 2.0 0.73671875 0.13333333333333333 0.1 0.26666666666666666 3
628.0 2.0 0.74296875 0.1284722222222222 0.1 0.2569444444444444 3
629.0 2.0 0.74765625 0.12361111111111112 0.1 0.24722222222222223 3
630.0 2.0 0.75390625 0.11458333333333333 0.1 0.22916666666666666 3
631.0 2.0 0.75859375 0.10833333333333334 0.1 0.21666666666666667 3
632.0 2.0 0.76015625 0.09930555555555555 0.1 0.1986111111111111 3
633.0 2.0 0.76328125 0.09444444444444444 0.1 0.18888888888888888 3
634.0 2.0 0.76484375 0.08819444444444445 0.1 0.1763888888888889 3
635.0 2.0 0.76640625 0.08194444444444444 0.1 0.1638888888888889 3
636.0 2.0 0.76953125 0.07569444444444444 0.1 0.15138888888888888 3
637.0 2.0 0.77265625 0.07222222222222222 0.1 0.14444444444444443 3
638.0 2.0 0.77421875 0.06875 0.1 0.1375 3
639.0 2.0 0.77734375 0.0625 0.1 0.125 3
640.0 2.0 0.78046875 0.05625 0.1 0.1125 3
641.0 2.0 0.78046875 0.05138888888888889 0.1 0.10277777777777777 3
642.0 2.0 0.784375 0.03819444444444445 0.0640625 0.0763888888888889 3
