462 2 0.101171875 0.04097222222222222 0.06640625 0.0763888888888889
463 2 0.102734375 0.04027777777777778 0.05703125 0.07222222222222222
464 2 0.10234375 0.03819444444444445 0.05625 0.07083333333333333
465 2 0.09921875 0.04513888888888889 0.0546875 0.08194444444444444
466 2 0.094140625 0.03611111111111111 0.05859375 0.05277777777777778
467 2 0.0921875 0.03958333333333333 0.0625 0.07361111111111111
468 2 0.087890625 0.04027777777777778 0.04921875 0.075
469 2 0.08984375 0.04027777777777778 0.0515625 0.07222222222222222
470 2 0.09140625 0.05416666666666667 0.0546875 0.1
471 2 0.090625 0.05763888888888889 0.05625 0.10416666666666667
472 2 0.090625 0.05486111111111111 0.0546875 0.10138888888888889
473 2 0.0890625 0.05347222222222222 0.0625 0.10694444444444444
474 2 0.0875 0.05347222222222222 0.0625 0.09861111111111111
475 2 0.088671875 0.05555555555555555 0.06015625 0.09444444444444444
476 2 0.0875 0.05277777777777778 0.0625 0.10277777777777777
477 2 0.086328125 0.05486111111111111 0.06953125 0.10694444444444444
478 2 0.088671875 0.07083333333333333 0.05703125 0.12777777777777777
479 2 0.08828125 0.07083333333333333 0.059375 0.1388888888888889
480 2 0.08828125 0.07083333333333333 0.059375 0.1388888888888889
481 2 0.08828125 0.07083333333333333 0.059375 0.1388888888888889
482 2 0.081640625 0.07222222222222222 0.05859375 0.1361111111111111
483 2 0.08515625 0.0763888888888889 0.059375 0.1388888888888889
484 2 0.08515625 0.0763888888888889 0.059375 0.1388888888888889
485 2 0.019921875 0.05347222222222222 0.03671875 0.10416666666666667
485 2 0.080859375 0.06666666666666667 0.06484375 0.13055555555555556
486 2 0.08515625 0.07916666666666666 0.059375 0.1388888888888889
486 2 0.021484375 0.059722222222222225 0.04296875 0.1111111111111111
487 2 0.094140625 0.06736111111111111 0.07890625 0.12916666666666668
488 2 0.090234375 0.07916666666666666 0.09609375 0.15833333333333333
489 2 0.0953125 0.08402777777777778 0.0890625 0.1625
489 2 0.02421875 0.06319444444444444 0.0484375 0.10972222222222222
490 2 0.100390625 0.08333333333333333 0.08828125 0.1638888888888889
490 2 0.025390625 0.06458333333333334 0.05078125 0.11527777777777778
491 2 0.099609375 0.0798611111111111 0.07265625 0.15694444444444444
491 2 0.026171875 0.0625 0.05234375 0.11944444444444445
492 2 0.105078125 0.07777777777777778 0.07890625 0.13055555555555556
492 2 0.025390625 0.06180555555555556 0.05078125 0.11527777777777778
493 2 0.105859375 0.08055555555555556 0.07890625 0.13055555555555556
493 2 0.0265625 0.06180555555555556 0.053125 0.1125
494 2 0.105078125 0.1 0.08515625 0.19444444444444445
494 2 0.03046875 0.0625 0.0609375 0.12222222222222222
495 2 0.109375 0.09513888888888888 0.0859375 0.1875
495 2 0.028515625 0.06180555555555556 0.05390625 0.11805555555555555
496 2 0.107421875 0.09791666666666667 0.07890625 0.19583333333333333
496 2 0.0296875 0.08263888888888889 0.0546875 0.15138888888888888
497 2 0.104296875 0.10486111111111111 0.07109375 0.1986111111111111
497 2 0.026171875 0.09236111111111112 0.04921875 0.16805555555555557
498 2 0.10546875 0.09513888888888888 0.0734375 0.1875
498 2 0.025 0.09444444444444444 0.05 0.17777777777777778
499 2 0.10390625 0.1076388888888889 0.075 0.2013888888888889
499 2 0.028125 0.09513888888888888 0.0515625 0.18194444444444444
500 2 0.10625 0.10069444444444445 0.078125 0.1986111111111111
500 2 0.025 0.09652777777777778 0.0484375 0.17916666666666667
501 2 0.11640625 0.1125 0.0828125 0.21388888888888888
501 2 0.030859375 0.10138888888888889 0.06015625 0.17222222222222222
502 2 0.116796875 0.1125 0.08359375 0.21666666666666667
502 2 0.033984375 0.09583333333333334 0.06796875 0.18055555555555555
503 2 0.11875 0.10416666666666667 0.071875 0.19444444444444445
503 2 0.043359375 0.09513888888888888 0.07421875 0.1736111111111111
504 2 0.0484375 0.10486111111111111 0.09375 0.1986111111111111
504 2 0.125390625 0.10972222222222222 0.07109375 0.2111111111111111
505 2 0.12265625 0.11597222222222223 0.0703125 0.22083333333333333
505 2 0.046875 0.09444444444444444 0.090625 0.18888888888888888
506 2 0.12421875 0.11458333333333333 0.0765625 0.22361111111111112
506 2 0.046875 0.09930555555555555 0.090625 0.18472222222222223
507 2 0.124609375 0.13402777777777777 0.06484375 0.25972222222222224
507 2 0.047265625 0.1076388888888889 0.09453125 0.1986111111111111
508 2 0.12421875 0.13402777777777777 0.0671875 0.25972222222222224
508 2 0.044140625 0.09513888888888888 0.08828125 0.1736111111111111
509 2 0.128125 0.1388888888888889 0.071875 0.2777777777777778
509 2 0.04609375 0.10208333333333333 0.0921875 0.19583333333333333
510 2 0.13203125 0.13194444444444445 0.08125 0.25833333333333336
510 2 0.045703125 0.10694444444444444 0.08828125 0.20555555555555555
511 2 0.125 0.13194444444444445 0.0703125 0.2611111111111111
511 2 0.046875 0.13541666666666666 0.090625 0.2625
512 2 0.125 0.13194444444444445 0.0703125 0.2611111111111111
512 2 0.046875 0.13541666666666666 0.090625 0.2625
513 2 0.1296875 0.13472222222222222 0.0703125 0.2611111111111111
513 2 0.0484375 0.13958333333333334 0.090625 0.2625
514 2 0.134375 0.1375 0.0703125 0.2611111111111111
514 2 0.0515625 0.13819444444444445 0.090625 0.2625
515 2 0.140625 0.14027777777777778 0.0703125 0.2611111111111111
515 2 0.0546875 0.13958333333333334 0.090625 0.2625
516 2 0.146875 0.1486111111111111 0.0703125 0.2611111111111111
516 2 0.059375 0.13819444444444445 0.090625 0.2625
516 2 0.12890625 0.0763888888888889 0.0734375 0.1527777777777778
517 2 0.1515625 0.15138888888888888 0.0703125 0.2611111111111111
517 2 0.0625 0.13958333333333334 0.090625 0.2625
518 2 0.15625 0.15416666666666667 0.0703125 0.2611111111111111
518 2 0.0671875 0.13819444444444445 0.090625 0.2625
519 2 0.1609375 0.15416666666666667 0.0703125 0.2611111111111111
519 2 0.10703125 0.14166666666666666 0.0953125 0.28055555555555556
519 2 0.0578125 0.08958333333333333 0.065625 0.1597222222222222
520 2 0.165625 0.15694444444444444 0.0703125 0.2611111111111111
520 2 0.1015625 0.1423611111111111 0.090625 0.2763888888888889
520 2 0.05859375 0.08472222222222223 0.0625 0.16111111111111112
521 2 0.16875 0.1597222222222222 0.0703125 0.2611111111111111
521 2 0.1015625 0.1423611111111111 0.090625 0.2763888888888889
521 2 0.05859375 0.08402777777777778 0.0625 0.1625
522 2 0.171875 0.15694444444444444 0.0703125 0.2611111111111111
522 2 0.1046875 0.14930555555555555 0.090625 0.2763888888888889
522 2 0.05859375 0.08541666666666667 0.0625 0.1625
523 2 0.175 0.1597222222222222 0.0703125 0.2611111111111111
523 2 0.1078125 0.15902777777777777 0.090625 0.2763888888888889
523 2 0.05859375 0.08680555555555555 0.0625 0.1625
523 2 0.15625 0.09652777777777778 0.065625 0.19027777777777777
524 2 0.1796875 0.15694444444444444 0.0703125 0.2611111111111111
524 2 0.1109375 0.16875 0.090625 0.2763888888888889
524 2 0.05859375 0.08819444444444445 0.0625 0.1625
524 2 0.157421875 0.11527777777777778 0.07109375 0.21944444444444444
525 2 0.184375 0.15694444444444444 0.0703125 0.2611111111111111
525 2 0.115625 0.17291666666666666 0.090625 0.2763888888888889
525 2 0.06015625 0.09236111111111112 0.0625 0.1625
525 2 0.153515625 0.09722222222222222 0.07265625 0.18055555555555555
526 2 0.190625 0.15416666666666667 0.0703125 0.2611111111111111
526 2 0.1203125 0.17152777777777778 0.090625 0.2763888888888889
526 2 0.06328125 0.09375 0.0625 0.1625
526 2 0.17109375 0.09513888888888888 0.06875 0.1625
527 2 0.1984375 0.1486111111111111 0.0703125 0.2611111111111111
527 2 0.125 0.17291666666666666 0.090625 0.2763888888888889
527 2 0.060546875 0.09305555555555556 0.05546875 0.18333333333333332
527 2 0.173828125 0.08819444444444445 0.06796875 0.16805555555555557
528 2 0.20625 0.14027777777777778 0.0703125 0.2611111111111111
528 2 0.13125 0.17152777777777778 0.090625 0.2763888888888889
528 2 0.07109375 0.09652777777777778 0.0640625 0.1763888888888889
528 2 0.17734375 0.0763888888888889 0.0640625 0.1361111111111111
529 2 0.2140625 0.1375 0.0703125 0.2611111111111111
529 2 0.1390625 0.17569444444444443 0.090625 0.2763888888888889
529 2 0.0734375 0.1125 0.065625 0.21666666666666667
529 2 0.187109375 0.08194444444444444 0.06640625 0.15
530 2 0.2234375 0.1375 0.0703125 0.2611111111111111
530 2 0.1328125 0.18680555555555556 0.1140625 0.35694444444444445
530 2 0.07421875 0.1111111111111111 0.0578125 0.21944444444444444
530 2 0.19453125 0.08680555555555555 0.0671875 0.16805555555555557
531 2 0.2328125 0.13472222222222222 0.0703125 0.2611111111111111
531 2 0.1328125 0.18680555555555556 0.1140625 0.35694444444444445
531 2 0.08359375 0.1076388888888889 0.0640625 0.2152777777777778
531 2 0.194140625 0.08680555555555555 0.06953125 0.15416666666666667
532 2 0.24375 0.14027777777777778 0.0703125 0.2611111111111111
532 2 0.1359375 0.19375 0.1140625 0.35694444444444445
532 2 0.084765625 0.11527777777777778 0.06171875 0.2222222222222222
532 2 0.19296875 0.09027777777777778 0.0703125 0.16111111111111112
533 2 0.1375 0.20069444444444445 0.1140625 0.35694444444444445
533 2 0.231640625 0.17291666666666666 0.10234375 0.3402777777777778
533 2 0.089453125 0.11805555555555555 0.06328125 0.22777777777777777
533 2 0.20078125 0.09444444444444444 0.0703125 0.18888888888888888
534 2 0.1390625 0.20208333333333334 0.1140625 0.35694444444444445
534 2 0.256640625 0.17222222222222222 0.11953125 0.3416666666666667
534 2 0.091796875 0.12222222222222222 0.06640625 0.2361111111111111
534 2 0.18984375 0.10277777777777777 0.0703125 0.20555555555555555
535 2 0.1421875 0.20347222222222222 0.1140625 0.35694444444444445
535 2 0.256640625 0.17222222222222222 0.11953125 0.3416666666666667
535 2 0.091796875 0.12222222222222222 0.06640625 0.2361111111111111
535 2 0.1953125 0.10972222222222222 0.065625 0.2
536 2 0.1453125 0.20208333333333334 0.1140625 0.35694444444444445
536 2 0.265234375 0.17777777777777778 0.11953125 0.3416666666666667
536 2 0.094140625 0.12222222222222222 0.06640625 0.2361111111111111
536 2 0.1984375 0.1076388888888889 0.065625 0.2013888888888889
537 2 0.1484375 0.20347222222222222 0.1140625 0.35694444444444445
537 2 0.273828125 0.18055555555555555 0.11953125 0.3416666666666667
537 2 0.098046875 0.125 0.06640625 0.2361111111111111
537 2 0.200390625 0.12569444444444444 0.06640625 0.23194444444444445
538 2 0.1515625 0.20208333333333334 0.1140625 0.35694444444444445
538 2 0.283984375 0.18333333333333332 0.11953125 0.3416666666666667
538 2 0.103515625 0.12777777777777777 0.06640625 0.2361111111111111
538 2 0.1984375 0.12569444444444444 0.0609375 0.22083333333333333
539 2 0.15625 0.20625 0.1140625 0.35694444444444445
539 2 0.295703125 0.18888888888888888 0.11953125 0.3416666666666667
539 2 0.108984375 0.13333333333333333 0.06640625 0.2361111111111111
539 2 0.2015625 0.1326388888888889 0.06875 0.20972222222222223
540 2 0.159375 0.2076388888888889 0.1140625 0.35694444444444445
540 2 0.308984375 0.19722222222222222 0.11953125 0.3416666666666667
540 2 0.112890625 0.1388888888888889 0.06640625 0.2361111111111111
540 2 0.2078125 0.12638888888888888 0.0796875 0.23333333333333334
541 2 0.1625 0.20902777777777778 0.1140625 0.35694444444444445
541 2 0.320703125 0.20555555555555555 0.11953125 0.3416666666666667
541 2 0.116796875 0.14166666666666666 0.06640625 0.2361111111111111
541 2 0.21953125 0.13958333333333334 0.0859375 0.2708333333333333
542 2 0.344140625 0.20208333333333334 0.18984375 0.3875
542 2 0.143359375 0.22152777777777777 0.16953125 0.4263888888888889
542 2 0.128125 0.15555555555555556 0.0875 0.2916666666666667
542 2 0.2203125 0.1486111111111111 0.0890625 0.29444444444444445
543 2 0.353125 0.19652777777777777 0.203125 0.37916666666666665
543 2 0.148046875 0.2125 0.16953125 0.41944444444444445
543 2 0.126171875 0.14930555555555555 0.09140625 0.29583333333333334
543 2 0.225 0.14444444444444443 0.0984375 0.2777777777777778
544 2 0.355859375 0.2222222222222222 0.11953125 0.3416666666666667
544 2 0.353125 0.19652777777777777 0.203125 0.37916666666666665
544 2 0.148046875 0.2125 0.16953125 0.41944444444444445
544 2 0.2328125 0.15555555555555556 0.09375 0.29444444444444445
544 2 0.1296875 0.15555555555555556 0.08125 0.30277777777777776
545 2 0.150390625 0.2125 0.16953125 0.41944444444444445
545 2 0.376953125 0.18958333333333333 0.18984375 0.3736111111111111
545 2 0.240234375 0.14791666666666667 0.12578125 0.29583333333333334
545 2 0.136328125 0.15069444444444444 0.08203125 0.29305555555555557
546 2 0.371875 0.2076388888888889 0.203125 0.37916666666666665
546 2 0.152734375 0.2125 0.16953125 0.41944444444444445
546 2 0.14296875 0.1486111111111111 0.0796875 0.2861111111111111
546 2 0.24609375 0.15 0.1296875 0.2916666666666667
547 2 0.3828125 0.21458333333333332 0.203125 0.37916666666666665
547 2 0.156640625 0.2125 0.16953125 0.41944444444444445
547 2 0.24609375 0.1597222222222222 0.1140625 0.30833333333333335
547 2 0.1515625 0.15 0.065625 0.26666666666666666
548 2 0.160546875 0.20972222222222223 0.16953125 0.41944444444444445
548 2 0.423828125 0.23194444444444445 0.21328125 0.4027777777777778
548 2 0.25546875 0.16666666666666666 0.1140625 0.3333333333333333
548 2 0.156640625 0.15555555555555556 0.08046875 0.2916666666666667
549 2 0.166015625 0.2125 0.16953125 0.41944444444444445
549 2 0.4375 0.21666666666666667 0.2203125 0.4166666666666667
549 2 0.167578125 0.18263888888888888 0.09765625 0.3486111111111111
549 2 0.262890625 0.1736111111111111 0.12265625 0.33611111111111114
550 2 0.169921875 0.20833333333333334 0.16953125 0.4166666666666667
550 2 0.446875 0.22013888888888888 0.234375 0.4125
550 2 0.257421875 0.16458333333333333 0.09296875 0.3236111111111111
550 2 0.171875 0.17916666666666667 0.096875 0.3388888888888889
551 2 0.175390625 0.20694444444444443 0.16953125 0.41388888888888886
551 2 0.464453125 0.21319444444444444 0.21484375 0.39861111111111114
551 2 0.265234375 0.1625 0.08203125 0.325
551 2 0.173828125 0.1798611111111111 0.08671875 0.35138888888888886
552 2 0.179296875 0.20694444444444443 0.16953125 0.41388888888888886
552 2 0.476171875 0.22013888888888888 0.22578125 0.4041666666666667
552 2 0.265625 0.17152777777777778 0.08125 0.3347222222222222
552 2 0.1703125 0.1625 0.078125 0.3111111111111111
553 2 0.184765625 0.20694444444444443 0.16953125 0.41388888888888886
553 2 0.487109375 0.22083333333333333 0.20390625 0.4083333333333333
553 2 0.26796875 0.1638888888888889 0.0828125 0.32222222222222224
553 2 0.154296875 0.15625 0.09921875 0.29583333333333334
554 2 0.188671875 0.20555555555555555 0.16953125 0.4111111111111111
554 2 0.494140625 0.22083333333333333 0.21953125 0.4027777777777778
554 2 0.269140625 0.16805555555555557 0.10703125 0.33611111111111114
554 2 0.165625 0.16111111111111112 0.0953125 0.3111111111111111
555 2 0.192578125 0.20416666666666666 0.16953125 0.4083333333333333
555 2 0.494140625 0.22083333333333333 0.21953125 0.4027777777777778
555 2 0.269140625 0.16805555555555557 0.10703125 0.33611111111111114
555 2 0.16796875 0.16597222222222222 0.0984375 0.31805555555555554
556 2 0.196484375 0.20416666666666666 0.16953125 0.4083333333333333
556 2 0.271484375 0.16666666666666666 0.10703125 0.3333333333333333
556 2 0.51875 0.2263888888888889 0.225 0.4083333333333333
556 2 0.171484375 0.15347222222222223 0.08671875 0.2902777777777778
557 2 0.198828125 0.20555555555555555 0.16953125 0.4111111111111111
557 2 0.273828125 0.16527777777777777 0.10703125 0.33055555555555555
557 2 0.538671875 0.2298611111111111 0.22265625 0.4097222222222222
557 2 0.17734375 0.1527777777777778 0.0828125 0.2972222222222222
558 2 0.201171875 0.20694444444444443 0.16953125 0.41388888888888886
558 2 0.277734375 0.1625 0.10703125 0.325
558 2 0.54140625 0.23055555555555557 0.2265625 0.41944444444444445
558 2 0.1796875 0.16319444444444445 0.090625 0.31527777777777777
559 2 0.205078125 0.20972222222222223 0.16953125 0.41944444444444445
559 2 0.284765625 0.1597222222222222 0.10703125 0.3194444444444444
559 2 0.562890625 0.22916666666666666 0.22265625 0.4083333333333333
559 2 0.18515625 0.15902777777777777 0.0921875 0.31805555555555554
560 2 0.207421875 0.2125 0.16953125 0.41944444444444445
560 2 0.291796875 0.15833333333333333 0.10703125 0.31666666666666665
560 2 0.56640625 0.23333333333333334 0.2234375 0.4111111111111111
560 2 0.192578125 0.15555555555555556 0.08984375 0.30277777777777776
561 2 0.211328125 0.20972222222222223 0.16953125 0.41944444444444445
561 2 0.298828125 0.1597222222222222 0.10703125 0.3194444444444444
561 2 0.57578125 0.23333333333333334 0.2234375 0.4111111111111111
561 2 0.19296875 0.16041666666666668 0.1 0.32083333333333336
562 2 0.213671875 0.2125 0.16953125 0.41944444444444445
562 2 0.305859375 0.16111111111111112 0.10703125 0.32222222222222224
562 2 0.582421875 0.23125 0.21328125 0.41805555555555557
562 2 0.198828125 0.15416666666666667 0.10546875 0.3
563 2 0.217578125 0.2125 0.16953125 0.41944444444444445
563 2 0.314453125 0.1638888888888889 0.10703125 0.3277777777777778
563 2 0.591015625 0.22916666666666666 0.21484375 0.4166666666666667
563 2 0.19921875 0.15555555555555556 0.109375 0.3
564 2 0.221484375 0.2152777777777778 0.16953125 0.41944444444444445
564 2 0.319921875 0.16527777777777777 0.10703125 0.33055555555555555
564 2 0.602734375 0.23402777777777778 0.20859375 0.4236111111111111
564 2 0.203515625 0.1625 0.11953125 0.31666666666666665
565 2 0.228515625 0.21805555555555556 0.16953125 0.41944444444444445
565 2 0.326953125 0.16666666666666666 0.10703125 0.3333333333333333
565 2 0.60546875 0.22708333333333333 0.2140625 0.4097222222222222
565 2 0.201953125 0.15902777777777777 0.11953125 0.31527777777777777
566 2 0.235546875 0.2152777777777778 0.16953125 0.41944444444444445
566 2 0.36953125 0.16111111111111112 0.165625 0.31666666666666665
566 2 0.615625 0.21319444444444444 0.203125 0.39305555555555555
566 2 0.213671875 0.16111111111111112 0.12734375 0.3138888888888889
567 2 0.244140625 0.22361111111111112 0.16953125 0.41944444444444445
567 2 0.383984375 0.1638888888888889 0.16328125 0.30833333333333335
567 2 0.618359375 0.2076388888888889 0.21328125 0.3902777777777778
567 2 0.226953125 0.1625 0.14140625 0.3138888888888889
568 2 0.249609375 0.2263888888888889 0.16953125 0.41944444444444445
568 2 0.62265625 0.21319444444444444 0.2109375 0.41805555555555557
568 2 0.39453125 0.19166666666666668 0.1765625 0.3638888888888889
568 2 0.23203125 0.17152777777777778 0.146875 0.33194444444444443
569 2 0.256640625 0.23194444444444445 0.16953125 0.41944444444444445
569 2 0.398046875 0.20208333333333334 0.19140625 0.3486111111111111
569 2 0.634375 0.20972222222222223 0.2 0.3861111111111111
569 2 0.2375 0.17083333333333334 0.1421875 0.325
570 2 0.260546875 0.23472222222222222 0.16953125 0.41944444444444445
570 2 0.6453125 0.21388888888888888 0.2 0.41388888888888886
570 2 0.41171875 0.2 0.1953125 0.33055555555555555
570 2 0.245703125 0.17222222222222222 0.13828125 0.3333333333333333
571 2 0.303515625 0.23819444444444443 0.18984375 0.44583333333333336
571 2 0.249609375 0.16319444444444445 0.13515625 0.3263888888888889
571 2 0.42578125 0.21041666666666667 0.1828125 0.3347222222222222
571 2 0.651171875 0.19791666666666666 0.17734375 0.37916666666666665
572 2 0.433203125 0.20694444444444443 0.19140625 0.32222222222222224
572 2 0.658984375 0.2 0.17421875 0.39166666666666666
572 2 0.31875 0.24166666666666667 0.203125 0.4388888888888889
572 2 0.254296875 0.16666666666666666 0.14453125 0.3277777777777778
573 2 0.259765625 0.18263888888888888 0.14765625 0.35694444444444445
573 2 0.3359375 0.24166666666666667 0.1953125 0.44166666666666665
573 2 0.44140625 0.20347222222222222 0.1921875 0.32083333333333336
573 2 0.6671875 0.20208333333333334 0.175 0.3875
574 2 0.346484375 0.23194444444444445 0.20546875 0.4361111111111111
574 2 0.265625 0.17708333333333334 0.153125 0.3458333333333333
574 2 0.45390625 0.21597222222222223 0.196875 0.32083333333333336
574 2 0.66953125 0.19375 0.175 0.3763888888888889
575 2 0.66875 0.1951388888888889 0.196875 0.38472222222222224
575 2 0.4734375 0.21041666666666667 0.2 0.3013888888888889
575 2 0.362109375 0.23472222222222222 0.21640625 0.45555555555555555
575 2 0.276171875 0.18263888888888888 0.15859375 0.35694444444444445
576 2 0.48125 0.21319444444444444 0.209375 0.30694444444444446
576 2 0.683203125 0.18888888888888888 0.17265625 0.36944444444444446
576 2 0.373046875 0.23472222222222222 0.20859375 0.44166666666666665
576 2 0.27890625 0.18055555555555555 0.159375 0.3472222222222222
577 2 0.48125 0.21319444444444444 0.209375 0.30694444444444446
577 2 0.683203125 0.18888888888888888 0.17265625 0.36944444444444446
577 2 0.3875 0.2263888888888889 0.1984375 0.44722222222222224
577 2 0.293359375 0.18333333333333332 0.16640625 0.3611111111111111
578 2 0.513671875 0.24861111111111112 0.21953125 0.4027777777777778
578 2 0.685546875 0.18888888888888888 0.17265625 0.36944444444444446
578 2 0.383203125 0.2375 0.20859375 0.44166666666666665
578 2 0.28671875 0.18055555555555555 0.159375 0.3472222222222222
579 2 0.5 0.2298611111111111 0.209375 0.30694444444444446
579 2 0.689453125 0.18888888888888888 0.17265625 0.36944444444444446
579 2 0.391796875 0.24305555555555555 0.20859375 0.44166666666666665
579 2 0.29453125 0.18055555555555555 0.159375 0.3472222222222222
580 2 0.690234375 0.18888888888888888 0.17265625 0.36944444444444446
580 2 0.30390625 0.18333333333333332 0.159375 0.3472222222222222
580 2 0.5375 0.24791666666666667 0.2078125 0.3819444444444444
580 2 0.4265625 0.22083333333333333 0.2 0.4361111111111111
581 2 0.694140625 0.18888888888888888 0.17265625 0.36944444444444446
581 2 0.31484375 0.18611111111111112 0.159375 0.3472222222222222
581 2 0.551171875 0.24513888888888888 0.21171875 0.37083333333333335
581 2 0.440234375 0.22361111111111112 0.20546875 0.41944444444444445
582 2 0.696484375 0.18611111111111112 0.17265625 0.36944444444444446
582 2 0.56640625 0.2423611111111111 0.2046875 0.39305555555555555
582 2 0.451171875 0.23819444444444443 0.21171875 0.44583333333333336
582 2 0.33984375 0.18819444444444444 0.1609375 0.3736111111111111
583 2 0.700390625 0.1840277777777778 0.17265625 0.3680555555555556
583 2 0.4625 0.24583333333333332 0.2078125 0.44722222222222224
583 2 0.584375 0.22777777777777777 0.19375 0.3972222222222222
583 2 0.34921875 0.19166666666666668 0.1640625 0.375
584 2 0.704296875 0.18125 0.17265625 0.3625
584 2 0.34296875 0.19444444444444445 0.159375 0.3472222222222222
584 2 0.59296875 0.21388888888888888 0.1953125 0.39444444444444443
584 2 0.47734375 0.23819444444444443 0.215625 0.42916666666666664
585 2 0.715234375 0.16805555555555557 0.16484375 0.3277777777777778
585 2 0.60546875 0.20555555555555555 0.2078125 0.39166666666666666
585 2 0.494140625 0.2513888888888889 0.20859375 0.4361111111111111
585 2 0.368359375 0.18819444444444444 0.15859375 0.3763888888888889
586 2 0.716796875 0.17708333333333334 0.17265625 0.3541666666666667
586 2 0.36015625 0.20277777777777778 0.159375 0.3472222222222222
586 2 0.616015625 0.20902777777777778 0.19921875 0.37083333333333335
586 2 0.51171875 0.2513888888888889 0.2078125 0.43333333333333335
587 2 0.726953125 0.17430555555555555 0.17265625 0.3486111111111111
587 2 0.628515625 0.19930555555555557 0.18203125 0.3819444444444444
587 2 0.5234375 0.24930555555555556 0.2 0.4486111111111111
587 2 0.396875 0.21041666666666667 0.1625 0.4125
588 2 0.732421875 0.17291666666666666 0.17265625 0.3458333333333333
588 2 0.640625 0.20069444444444445 0.175 0.39305555555555555
588 2 0.53203125 0.23472222222222222 0.196875 0.4111111111111111
588 2 0.3984375 0.20972222222222223 0.1890625 0.40555555555555556
589 2 0.641015625 0.1986111111111111 0.16484375 0.39444444444444443
589 2 0.751171875 0.17083333333333334 0.09921875 0.3333333333333333
589 2 0.541796875 0.22708333333333333 0.17421875 0.4097222222222222
589 2 0.408203125 0.21388888888888888 0.18359375 0.3972222222222222
590 2 0.39921875 0.225 0.159375 0.3472222222222222
590 2 0.75703125 0.1763888888888889 0.1109375 0.3333333333333333
590 2 0.651171875 0.19652777777777777 0.13203125 0.37916666666666665
590 2 0.558984375 0.22569444444444445 0.15859375 0.4041666666666667
591 2 0.75546875 0.15763888888888888 0.1015625 0.30694444444444446
591 2 0.665234375 0.1986111111111111 0.11484375 0.3861111111111111
591 2 0.570703125 0.225 0.16953125 0.4166666666666667
591 2 0.43203125 0.22083333333333333 0.2 0.3972222222222222
592 2 0.758984375 0.14027777777777778 0.09921875 0.26944444444444443
592 2 0.671875 0.2013888888888889 0.1125 0.4
592 2 0.584765625 0.21736111111111112 0.15859375 0.4263888888888889
592 2 0.44765625 0.21666666666666667 0.203125 0.39444444444444443
593 2 0.766796875 0.13194444444444445 0.08984375 0.25555555555555554
593 2 0.676953125 0.1951388888888889 0.10859375 0.3819444444444444
593 2 0.599609375 0.20694444444444443 0.14765625 0.3972222222222222
593 2 0.45625 0.22430555555555556 0.215625 0.39305555555555555
594 2 0.771875 0.12916666666666668 0.090625 0.25277777777777777
594 2 0.68515625 0.17291666666666666 0.103125 0.3402777777777778
594 2 0.6140625 0.20833333333333334 0.1375 0.3972222222222222
594 2 0.474609375 0.22361111111111112 0.21171875 0.37777777777777777
595 2 0.78125 0.12152777777777778 0.090625 0.24027777777777778
595 2 0.68671875 0.16180555555555556 0.1109375 0.31527777777777777
595 2 0.61953125 0.2 0.1328125 0.39166666666666666
595 2 0.483984375 0.22430555555555556 0.21171875 0.3902777777777778
596 2 0.7875 0.1076388888888889 0.084375 0.2125
596 2 0.696875 0.15902777777777777 0.09375 0.30972222222222223
596 2 0.629296875 0.21041666666666667 0.10390625 0.40694444444444444
596 2 0.4921875 0.22083333333333333 0.2109375 0.4
597 2 0.7875 0.1076388888888889 0.084375 0.2125
597 2 0.696875 0.15902777777777777 0.09375 0.30972222222222223
597 2 0.4921875 0.22083333333333333 0.2109375 0.4
597 2 0.639453125 0.20833333333333334 0.10546875 0.39166666666666666
598 2 0.7921875 0.10208333333333333 0.084375 0.20416666666666666
598 2 0.7015625 0.15347222222222223 0.09375 0.30694444444444446
598 2 0.633203125 0.20625 0.10390625 0.40694444444444444
598 2 0.5 0.23194444444444445 0.2109375 0.4
599 2 0.7953125 0.09444444444444444 0.084375 0.18888888888888888
599 2 0.70625 0.15 0.09375 0.3
599 2 0.5109375 0.24027777777777778 0.2109375 0.4
599 2 0.65546875 0.1736111111111111 0.1 0.3277777777777778
600 2 0.7984375 0.08958333333333333 0.084375 0.17916666666666667
600 2 0.7109375 0.1423611111111111 0.09375 0.2847222222222222
600 2 0.5203125 0.24583333333333332 0.2109375 0.4
600 2 0.66015625 0.175 0.0984375 0.33611111111111114
601 2 0.8015625 0.08472222222222223 0.084375 0.16944444444444445
601 2 0.7171875 0.13472222222222222 0.09375 0.26944444444444443
601 2 0.53125 0.24583333333333332 0.2109375 0.4
601 2 0.671875 0.16597222222222222 0.096875 0.31805555555555554
602 2 0.8046875 0.07847222222222222 0.084375 0.15694444444444444
602 2 0.7234375 0.12430555555555556 0.09375 0.24861111111111112
602 2 0.540625 0.24583333333333332 0.2109375 0.4
602 2 0.680859375 0.15486111111111112 0.08828125 0.30416666666666664
603 2 0.809375 0.07222222222222222 0.084375 0.14444444444444443
603 2 0.5515625 0.24305555555555555 0.2109375 0.4
603 2 0.68984375 0.1736111111111111 0.0796875 0.3416666666666667
603 2 0.73828125 0.13680555555555557 0.0625 0.2625
604 2 0.815625 0.06736111111111111 0.084375 0.13472222222222222
604 2 0.5671875 0.2375 0.2109375 0.4
604 2 0.69765625 0.15416666666666667 0.0703125 0.3
604 2 0.745703125 0.10902777777777778 0.04453125 0.2152777777777778
605 2 0.8171875 0.06111111111111111 0.084375 0.12222222222222222
605 2 0.701953125 0.15555555555555556 0.08359375 0.30277777777777776
605 2 0.58828125 0.2152777777777778 0.2046875 0.3972222222222222
605 2 0.7453125 0.09236111111111112 0.0484375 0.17083333333333334
606 2 0.8203125 0.052083333333333336 0.084375 0.10416666666666667
606 2 0.715234375 0.14930555555555555 0.08984375 0.2986111111111111
606 2 0.6 0.20833333333333334 0.203125 0.4
606 2 0.744921875 0.07847222222222222 0.04453125 0.14305555555555555
607 2 0.821875 0.04583333333333333 0.084375 0.09166666666666666
607 2 0.6140625 0.20625 0.2015625 0.4041666666666667
607 2 0.705859375 0.14375 0.06171875 0.2847222222222222
607 2 0.747265625 0.07222222222222222 0.04453125 0.1361111111111111
608 2 0.8234375 0.03958333333333333 0.084375 0.07916666666666666
608 2 0.626171875 0.20416666666666666 0.19921875 0.4
608 2 0.707421875 0.11805555555555555 0.06796875 0.23055555555555557
608 2 0.75625 0.07777777777777778 0.0421875 0.1527777777777778
609 2 0.8234375 0.03611111111111111 0.084375 0.07222222222222222
609 2 0.641015625 0.20555555555555555 0.18671875 0.4
609 2 0.72265625 0.10347222222222222 0.0984375 0.20694444444444443
610 2 0.821875 0.035416666666666666 0.084375 0.07083333333333333
610 2 0.724609375 0.10833333333333334 0.10078125 0.20833333333333334
610 2 0.65 0.2048611111111111 0.1921875 0.3902777777777778
611 2 0.725390625 0.08819444444444445 0.10390625 0.16527777777777777
611 2 0.650390625 0.21666666666666667 0.16328125 0.4083333333333333
612 2 0.6578125 0.20277777777777778 0.146875 0.39444444444444443
612 2 0.739453125 0.0763888888888889 0.06015625 0.14444444444444443
613 2 0.67109375 0.20972222222222223 0.1515625 0.41388888888888886
613 2 0.731640625 0.07291666666666667 0.07109375 0.1375
614 2 0.666796875 0.20208333333333334 0.14140625 0.4013888888888889
614 2 0.72421875 0.05555555555555555 0.0703125 0.10833333333333334
615 2 0.666796875 0.1909722222222222 0.13828125 0.3763888888888889
615 2 0.725390625 0.07361111111111111 0.07109375 0.1361111111111111
616 2 0.6796875 0.18055555555555555 0.153125 0.35
616 2 0.72421875 0.06458333333333334 0.0703125 0.12083333333333333
617 2 0.687109375 0.17152777777777778 0.13828125 0.3347222222222222
617 2 0.721875 0.04861111111111111 0.0703125 0.09166666666666666
618 2 0.690625 0.16458333333333333 0.14375 0.32083333333333336
618 2 0.719921875 0.04652777777777778 0.07109375 0.0875
619 2 0.704296875 0.16180555555555556 0.13828125 0.31805555555555554
619 2 0.715234375 0.04513888888888889 0.06484375 0.08472222222222223
620 2 0.7171875 0.16944444444444445 0.115625 0.33055555555555555
620 2 0.715234375 0.03819444444444445 0.06484375 0.05694444444444444
621 2 0.71875 0.16319444444444445 0.1015625 0.3236111111111111
622 2 0.72421875 0.16180555555555556 0.1 0.31527777777777777
623 2 0.72421875 0.16180555555555556 0.1 0.31527777777777777
624 2 0.72578125 0.15486111111111112 0.1 0.30972222222222223
625 2 0.73046875 0.1486111111111111 0.1 0.2972222222222222
626 2 0.73359375 0.13958333333333334 0.1 0.2791666666666667
627 2 0.73671875 0.13333333333333333 0.1 0.26666666666666666
628 2 0.74296875 0.1284722222222222 0.1 0.2569444444444444
629 2 0.74765625 0.12361111111111112 0.1 0.24722222222222223
630 2 0.75390625 0.11458333333333333 0.1 0.22916666666666666
631 2 0.75859375 0.10833333333333334 0.1 0.21666666666666667
632 2 0.76015625 0.09930555555555555 0.1 0.1986111111111111
633 2 0.76328125 0.09444444444444444 0.1 0.18888888888888888
634 2 0.76484375 0.08819444444444445 0.1 0.1763888888888889
635 2 0.76640625 0.08194444444444444 0.1 0.1638888888888889
636 2 0.76953125 0.07569444444444444 0.1 0.15138888888888888
637 2 0.77265625 0.07222222222222222 0.1 0.14444444444444443
638 2 0.77421875 0.06875 0.1 0.1375
639 2 0.77734375 0.0625 0.1 0.125
640 2 0.78046875 0.05625 0.1 0.1125
641 2 0.78046875 0.05138888888888889 0.1 0.10277777777777777
642 2 0.784375 0.03819444444444445 0.0640625 0.0763888888888889
