140.0 2.0 0.723828125 0.04861111111111111 0.04609375 0.09166666666666666 1
141.0 2.0 0.723828125 0.05277777777777778 0.04765625 0.09722222222222222 1
142.0 2.0 0.725 0.050694444444444445 0.0484375 0.09583333333333334 1
143.0 2.0 0.72890625 0.04652777777777778 0.0484375 0.09305555555555556 1
144.0 2.0 0.729296875 0.04722222222222222 0.04453125 0.08888888888888889 1
145.0 2.0 0.7328125 0.05138888888888889 0.0484375 0.09444444444444444 1
146.0 2.0 0.7328125 0.05138888888888889 0.0484375 0.09444444444444444 1
147.0 2.0 0.7328125 0.05277777777777778 0.0484375 0.09444444444444444 1
148.0 2.0 0.7328125 0.05277777777777778 0.0484375 0.09444444444444444 1
149.0 2.0 0.7328125 0.05416666666666667 0.0484375 0.09444444444444444 1
150.0 2.0 0.7328125 0.05416666666666667 0.0484375 0.09444444444444444 1
151.0 2.0 0.73359375 0.05555555555555555 0.0484375 0.09444444444444444 1
152.0 2.0 0.734375 0.05694444444444444 0.0484375 0.09444444444444444 1
153.0 2.0 0.73515625 0.05694444444444444 0.0484375 0.09444444444444444 1
154.0 2.0 0.73515625 0.06180555555555556 0.046875 0.12361111111111112 1
155.0 2.0 0.73515625 0.06597222222222222 0.04375 0.12916666666666668 1
156.0 2.0 0.73984375 0.06527777777777778 0.053125 0.125 1
157.0 2.0 0.73828125 0.06597222222222222 0.053125 0.12638888888888888 1
158.0 2.0 0.743359 0.06180560000000001 0.0539063 0.123611 1
159.0 2.0 0.745703 0.0645833 0.05234370000000001 0.129167 1
160.0 2.0 0.745313 0.0645833 0.0515625 0.129167 1
161.0 2.0 0.745703 0.0638889 0.05078119999999999 0.127778 1
162.0 2.0 0.744531 0.0694444 0.053125 0.138889 1
163.0 2.0 0.744922 0.0666667 0.05234370000000001 0.133333 1
164.0 2.0 0.745313 0.0694444 0.0515625 0.138889 1
165.0 2.0 0.744531 0.0673611 0.05 0.134722 1
166.0 2.0 0.744531 0.0659722 0.0484375 0.131944 1
167.0 2.0 0.744922 0.06875 0.0492188 0.1375 1
168.0 2.0 0.744531 0.0694444 0.05 0.138889 1
169.0 2.0 0.744141 0.0708333 0.0492188 0.141667 1
170.0 2.0 0.745313 0.0708333 0.053125 0.141667 1
171.0 2.0 0.744922 0.0805556 0.0476562 0.161111 1
172.0 2.0 0.745703 0.0715278 0.05078119999999999 0.143056 1
173.0 2.0 0.746484 0.0736111 0.0554687 0.147222 1
174.0 2.0 0.747266 0.0722222 0.05703129999999999 0.144444 1
175.0 2.0 0.7515625 0.08333333333333333 0.0515625 0.15833333333333333 1
176.0 2.0 0.75234375 0.08888888888888889 0.05625 0.16944444444444445 1
177.0 2.0 0.75234375 0.09097222222222222 0.053125 0.17083333333333334 1
178.0 2.0 0.755859 0.0861111 0.05703129999999999 0.172222 1
179.0 2.0 0.750390625 0.09166666666666666 0.05546875 0.175 1
180.0 2.0 0.752734375 0.08958333333333333 0.05078125 0.1736111111111111 1
181.0 2.0 0.75625 0.0826389 0.05625 0.165278 1
182.0 2.0 0.7546875 0.08680555555555555 0.0546875 0.16805555555555557 1
183.0 2.0 0.757421875 0.09513888888888888 0.05234375 0.17916666666666667 1
184.0 2.0 0.756640625 0.10277777777777777 0.04921875 0.18888888888888888 1
185.0 2.0 0.759375 0.09375 0.0515625 0.1875 1
186.0 2.0 0.762109 0.10069399999999999 0.0539063 0.190278 1
187.0 2.0 0.766406 0.10069399999999999 0.05625 0.20138899999999998 1
188.0 2.0 0.769531 0.10069399999999999 0.0578125 0.195833 1
189.0 2.0 0.767969 0.102778 0.0640625 0.19166699999999998 1
190.0 2.0 0.769531 0.10416699999999998 0.0640625 0.186111 1
191.0 2.0 0.770312 0.106944 0.0640625 0.18333300000000002 1
192.0 2.0 0.76953125 0.10555555555555556 0.0640625 0.18333333333333332 1
193.0 2.0 0.7734375 0.14375 0.0578125 0.2013888888888889 1
194.0 2.0 0.772265625 0.15 0.06171875 0.21666666666666667 1
195.0 2.0 0.771484375 0.1451388888888889 0.05859375 0.20972222222222223 1
196.0 2.0 0.76875 0.1527777777777778 0.0609375 0.19722222222222222 1
197.0 2.0 0.770703125 0.15347222222222223 0.05703125 0.19583333333333333 1
198.0 2.0 0.771094 0.136806 0.059375 0.206944 1
199.0 2.0 0.771094 0.133333 0.059375 0.2 1
199.0 2.0 0.7234375 0.06597222222222222 0.0375 0.11527777777777778 2
200.0 2.0 0.771875 0.135417 0.0625 0.198611 1
200.0 2.0 0.723828125 0.06527777777777778 0.04296875 0.11388888888888889 2
201.0 2.0 0.773828 0.136111 0.06015620000000001 0.197222 1
201.0 2.0 0.72578125 0.06666666666666667 0.05 0.11944444444444445 2
202.0 2.0 0.778125 0.18541666666666667 0.0640625 0.2263888888888889 1
202.0 2.0 0.7234375 0.06736111111111111 0.0546875 0.12638888888888888 2
203.0 2.0 0.78046875 0.13055555555555556 0.0640625 0.18333333333333332 1
203.0 2.0 0.7296875 0.06805555555555555 0.0609375 0.12777777777777777 2
204.0 2.0 0.72734375 0.06527777777777778 0.05625 0.12222222222222222 2
204.0 2.0 0.7796875 0.19930555555555557 0.0671875 0.22361111111111112 1
205.0 2.0 0.77890625 0.19444444444444445 0.0625 0.20833333333333334 1
205.0 2.0 0.728125 0.06875 0.0515625 0.12916666666666668 2
206.0 2.0 0.783984375 0.20555555555555555 0.06796875 0.2111111111111111 1
206.0 2.0 0.734375 0.07291666666666667 0.0546875 0.12361111111111112 2
207.0 2.0 0.783203 0.19305600000000003 0.0757812 0.20277800000000004 1
207.0 2.0 0.73515625 0.06944444444444445 0.05 0.13333333333333333 2
208.0 2.0 0.741797 0.0659722 0.0617188 0.131944 2
208.0 2.0 0.788281 0.194444 0.06875 0.20277800000000004 1
209.0 2.0 0.74375 0.06875 0.0640625 0.1375 2
209.0 2.0 0.788672 0.19791700000000004 0.0695312 0.20138899999999998 1
210.0 2.0 0.78984375 0.22847222222222222 0.065625 0.2125 1
210.0 2.0 0.74296875 0.06875 0.06875 0.12361111111111112 2
211.0 2.0 0.790234 0.213889 0.0664062 0.21944400000000003 1
211.0 2.0 0.75390625 0.07083333333333333 0.075 0.13333333333333333 2
212.0 2.0 0.75625 0.0784722 0.0671875 0.156944 2
212.0 2.0 0.788281 0.225 0.06875 0.222222 1
213.0 2.0 0.756641 0.0791667 0.0632813 0.152778 2
213.0 2.0 0.790625 0.226389 0.06875 0.20833299999999996 1
214.0 2.0 0.7625 0.0784722 0.0640625 0.156944 2
214.0 2.0 0.789844 0.228472 0.06875 0.206944 1
215.0 2.0 0.765234 0.08125 0.0648438 0.1625 2
215.0 2.0 0.789453 0.233333 0.0664062 0.20277800000000004 1
216.0 2.0 0.789453 0.238889 0.0664062 0.197222 1
216.0 2.0 0.766406 0.0826389 0.0625 0.165278 2
217.0 2.0 0.767578 0.0888889 0.0617188 0.177778 2
217.0 2.0 0.79296875 0.27708333333333335 0.0625 0.19305555555555556 1
218.0 2.0 0.769141 0.0861111 0.0617188 0.172222 2
218.0 2.0 0.7921875 0.28680555555555554 0.0609375 0.19305555555555556 1
219.0 2.0 0.79296875 0.2972222222222222 0.0609375 0.2 1
219.0 2.0 0.77578125 0.08402777777777778 0.06875 0.1597222222222222 2
220.0 2.0 0.8 0.30833333333333335 0.0671875 0.17777777777777778 1
220.0 2.0 0.77109375 0.08888888888888889 0.06875 0.1638888888888889 2
221.0 2.0 0.78125 0.09236111111111112 0.0734375 0.17083333333333334 2
221.0 2.0 0.80078125 0.32013888888888886 0.06875 0.18472222222222223 1
222.0 2.0 0.8015625 0.3159722222222222 0.0609375 0.1736111111111111 1
222.0 2.0 0.78203125 0.09444444444444444 0.06875 0.18333333333333332 2
223.0 2.0 0.785937 0.0951389 0.0734375 0.190278 2
223.0 2.0 0.804297 0.295833 0.0710938 0.177778 1
224.0 2.0 0.8054690000000001 0.298611 0.071875 0.175 1
224.0 2.0 0.790234 0.0930556 0.0773437 0.186111 2
225.0 2.0 0.8058590000000001 0.303472 0.0726563 0.173611 1
225.0 2.0 0.791016 0.0930556 0.0710938 0.186111 2
226.0 2.0 0.79375 0.0972222 0.06875 0.194444 2
226.0 2.0 0.798046875 0.34930555555555554 0.07578125 0.20694444444444443 1
227.0 2.0 0.797266 0.0986111 0.0679687 0.197222 2
227.0 2.0 0.79921875 0.35208333333333336 0.071875 0.18472222222222223 1
228.0 2.0 0.798437 0.0972222 0.0671875 0.194444 2
228.0 2.0 0.7953125 0.35555555555555557 0.071875 0.18611111111111112 1
229.0 2.0 0.8027339999999998 0.105556 0.0773437 0.211111 2
229.0 2.0 0.794921875 0.35625 0.07109375 0.1736111111111111 1
230.0 2.0 0.798828 0.10416699999999998 0.0742188 0.20833299999999996 2
230.0 2.0 0.794921875 0.3576388888888889 0.07578125 0.17916666666666667 1
231.0 2.0 0.8035159999999999 0.10416699999999998 0.0789063 0.20833299999999996 2
231.0 2.0 0.794921875 0.3576388888888889 0.07578125 0.17916666666666667 1
232.0 2.0 0.8058590000000001 0.10416699999999998 0.0757812 0.20833299999999996 2
232.0 2.0 0.794140625 0.36180555555555555 0.07578125 0.17916666666666667 1
233.0 2.0 0.791406 0.342361 0.078125 0.184722 1
233.0 2.0 0.799609375 0.10416666666666667 0.07421875 0.20833333333333334 2
234.0 2.0 0.809766 0.0972222 0.0804688 0.194444 2
234.0 2.0 0.794140625 0.3729166666666667 0.07578125 0.17916666666666667 1
235.0 2.0 0.791016 0.372222 0.0820312 0.216667 1
235.0 2.0 0.801171875 0.10694444444444444 0.07421875 0.20833333333333334 2
236.0 2.0 0.790234 0.380556 0.0820312 0.21944400000000003 1
236.0 2.0 0.8125 0.0986111 0.0796875 0.197222 2
237.0 2.0 0.789844 0.385417 0.0828125 0.215278 1
237.0 2.0 0.8136720000000001 0.102778 0.0789063 0.205556 2
238.0 2.0 0.789453 0.39166699999999993 0.0882813 0.20833299999999996 1
238.0 2.0 0.816016 0.103472 0.0789063 0.206944 2
239.0 2.0 0.8175779999999999 0.103472 0.0789063 0.206944 2
239.0 2.0 0.793359375 0.4076388888888889 0.07578125 0.17916666666666667 1
240.0 2.0 0.81875 0.10972200000000001 0.08125 0.21944400000000003 2
240.0 2.0 0.77890625 0.4201388888888889 0.1015625 0.2013888888888889 1
241.0 2.0 0.81875 0.106944 0.0828125 0.213889 2
241.0 2.0 0.77890625 0.43194444444444446 0.10625 0.2222222222222222 1
242.0 2.0 0.8183589999999998 0.108333 0.0851562 0.216667 2
242.0 2.0 0.769921875 0.4423611111111111 0.11640625 0.22916666666666666 1
243.0 2.0 0.8191409999999999 0.106944 0.0804688 0.213889 2
243.0 2.0 0.769921875 0.44375 0.11171875 0.23194444444444445 1
244.0 2.0 0.76875 0.427778 0.107813 0.197222 1
244.0 2.0 0.8214840000000001 0.105556 0.0742188 0.211111 2
245.0 2.0 0.7625 0.43263900000000005 0.110937 0.19305600000000003 1
245.0 2.0 0.8222660000000002 0.108333 0.0742188 0.216667 2
246.0 2.0 0.759375 0.4368060000000001 0.117188 0.184722 1
246.0 2.0 0.8265629999999999 0.111111 0.075 0.222222 2
247.0 2.0 0.758984 0.4381939999999999 0.11953100000000001 0.184722 1
247.0 2.0 0.8257809999999999 0.11388899999999999 0.075 0.22777799999999998 2
248.0 2.0 0.819921875 0.1375 0.07734375 0.25277777777777777 2
248.0 2.0 0.76015625 0.45208333333333334 0.1375 0.2013888888888889 1
249.0 2.0 0.819922 0.124306 0.0742188 0.248611 2
249.0 2.0 0.76015625 0.46458333333333335 0.1296875 0.20416666666666666 1
250.0 2.0 0.8203125 0.14027777777777778 0.0765625 0.25555555555555554 2
250.0 2.0 0.758203125 0.4638888888888889 0.13671875 0.2111111111111111 1
251.0 2.0 0.762890625 0.48194444444444445 0.14453125 0.21944444444444444 1
251.0 2.0 0.822265625 0.14097222222222222 0.06953125 0.24861111111111112 2
252.0 2.0 0.8195309999999999 0.128472 0.0734375 0.256944 2
252.0 2.0 0.7578125 0.48194444444444445 0.1515625 0.21388888888888888 1
253.0 2.0 0.819922 0.130556 0.0726563 0.261111 2
253.0 2.0 0.753125 0.49166666666666664 0.1515625 0.20555555555555555 1
254.0 2.0 0.820312 0.129861 0.0703125 0.259722 2
254.0 2.0 0.74453125 0.48333333333333334 0.1625 0.18055555555555555 1
255.0 2.0 0.8214840000000001 0.130556 0.0679687 0.261111 2
255.0 2.0 0.74375 0.4840277777777778 0.1671875 0.20972222222222223 1
256.0 2.0 0.8222660000000002 0.129167 0.0679687 0.258333 2
256.0 2.0 0.737109375 0.48333333333333334 0.16796875 0.19444444444444445 1
257.0 2.0 0.738672 0.467361 0.172656 0.176389 1
257.0 2.0 0.8230470000000001 0.135417 0.0664062 0.270833 2
258.0 2.0 0.737109 0.474306 0.172656 0.190278 1
258.0 2.0 0.824609 0.143056 0.0664062 0.286111 2
259.0 2.0 0.734766 0.47361099999999995 0.172656 0.188889 1
259.0 2.0 0.825391 0.143056 0.0664062 0.286111 2
260.0 2.0 0.8265629999999999 0.144444 0.0671875 0.288889 2
260.0 2.0 0.72578125 0.4861111111111111 0.175 0.19722222222222222 1
261.0 2.0 0.8285160000000001 0.145139 0.0695312 0.284722 2
261.0 2.0 0.723046875 0.5 0.17890625 0.20833333333333334 1
262.0 2.0 0.722266 0.48125 0.171094 0.190278 1
262.0 2.0 0.8296870000000001 0.148611 0.071875 0.283333 2
263.0 2.0 0.719531 0.490972 0.179688 0.198611 1
263.0 2.0 0.831641 0.15 0.0726563 0.280556 2
264.0 2.0 0.834375 0.154861 0.071875 0.273611 2
264.0 2.0 0.70703125 0.49583333333333335 0.178125 0.18611111111111112 1
265.0 2.0 0.835547 0.157639 0.0710938 0.268056 2
265.0 2.0 0.700390625 0.49236111111111114 0.18671875 0.18194444444444444 1
266.0 2.0 0.832812 0.160417 0.0765625 0.270833 2
266.0 2.0 0.696484375 0.5048611111111111 0.19140625 0.19027777777777777 1
267.0 2.0 0.8332029999999999 0.160417 0.0757812 0.268056 2
267.0 2.0 0.69609375 0.5006944444444444 0.2 0.19027777777777777 1
268.0 2.0 0.832812 0.1625 0.075 0.263889 2
268.0 2.0 0.69765625 0.49444444444444446 0.2078125 0.20277777777777778 1
269.0 2.0 0.831641 0.163194 0.0757812 0.2625 2
269.0 2.0 0.691796875 0.4965277777777778 0.21640625 0.2152777777777778 1
270.0 2.0 0.8304690000000001 0.163889 0.0734375 0.261111 2
270.0 2.0 0.689453125 0.4979166666666667 0.22578125 0.2152777777777778 1
271.0 2.0 0.695703 0.497222 0.21484399999999998 0.24444399999999997 1
271.0 2.0 0.8269529999999999 0.163194 0.0710938 0.248611 2
272.0 2.0 0.688281 0.49791700000000005 0.22031300000000004 0.23472199999999996 1
272.0 2.0 0.8265629999999999 0.163194 0.06875 0.248611 2
273.0 2.0 0.826172 0.1625 0.0679687 0.247222 2
273.0 2.0 0.676171875 0.5027777777777778 0.23359375 0.2611111111111111 1
274.0 2.0 0.825391 0.1625 0.0664062 0.247222 2
274.0 2.0 0.667578125 0.5125 0.23828125 0.2833333333333333 1
275.0 2.0 0.824609 0.161806 0.0648438 0.248611 2
275.0 2.0 0.658203125 0.5131944444444444 0.24609375 0.2763888888888889 1
276.0 2.0 0.824609 0.1625 0.0632813 0.247222 2
276.0 2.0 0.653125 0.50625 0.2421875 0.2902777777777778 1
277.0 2.0 0.825391 0.168056 0.0648438 0.25 2
277.0 2.0 0.64453125 0.5013888888888889 0.24375 0.28055555555555556 1
278.0 2.0 0.63125 0.5006944444444444 0.2375 0.2986111111111111 1
278.0 2.0 0.832421875 0.18888888888888888 0.08203125 0.2638888888888889 2
279.0 2.0 0.8269529999999999 0.177083 0.05703129999999999 0.248611 2
279.0 2.0 0.63125 0.5027777777777778 0.259375 0.3055555555555556 1
280.0 2.0 0.8304690000000001 0.188889 0.065625 0.258333 2
280.0 2.0 0.6171875 0.5034722222222222 0.240625 0.29583333333333334 1
281.0 2.0 0.832031 0.19305600000000003 0.06875 0.255556 2
281.0 2.0 0.605859375 0.4965277777777778 0.24765625 0.2986111111111111 1
282.0 2.0 0.8332029999999999 0.19375 0.0710938 0.248611 2
282.0 2.0 0.60078125 0.5034722222222222 0.253125 0.30416666666666664 1
283.0 2.0 0.8332029999999999 0.194444 0.0726563 0.24444399999999997 2
283.0 2.0 0.59375 0.4951388888888889 0.2484375 0.29305555555555557 1
284.0 2.0 0.599219 0.49375 0.270312 0.320833 1
284.0 2.0 0.832421875 0.19305555555555556 0.07265625 0.24444444444444444 2
285.0 2.0 0.833203125 0.19583333333333333 0.07265625 0.24444444444444444 2
285.0 2.0 0.5921875 0.4965277777777778 0.2484375 0.29305555555555557 1
286.0 2.0 0.833984375 0.1986111111111111 0.07265625 0.24444444444444444 2
286.0 2.0 0.590625 0.5006944444444444 0.2484375 0.29305555555555557 1
287.0 2.0 0.5875 0.5020833333333333 0.2484375 0.29305555555555557 1
287.0 2.0 0.839453125 0.22777777777777777 0.08671875 0.25 2
288.0 2.0 0.838281 0.220139 0.071875 0.256944 2
288.0 2.0 0.5859375 0.5090277777777777 0.2484375 0.29305555555555557 1
289.0 2.0 0.574609 0.474306 0.253906 0.320833 1
289.0 2.0 0.8378910000000002 0.22430600000000003 0.0726563 0.251389 2
290.0 2.0 0.840625 0.23819444444444443 0.0703125 0.22083333333333333 2
290.0 2.0 0.5484375 0.4875 0.24375 0.3055555555555556 1
291.0 2.0 0.837109375 0.24305555555555555 0.08046875 0.21666666666666667 2
291.0 2.0 0.53984375 0.49583333333333335 0.221875 0.3138888888888889 1
292.0 2.0 0.840234375 0.24930555555555556 0.07421875 0.22916666666666666 2
292.0 2.0 0.5453125 0.4826388888888889 0.25 0.30972222222222223 1
293.0 2.0 0.84140625 0.25625 0.0734375 0.22083333333333333 2
293.0 2.0 0.5296875 0.47847222222222224 0.2234375 0.32083333333333336 1
294.0 2.0 0.841796875 0.2673611111111111 0.07109375 0.22916666666666666 2
294.0 2.0 0.519140625 0.47638888888888886 0.22109375 0.33055555555555555 1
295.0 2.0 0.8421875 0.2791666666666667 0.075 0.23055555555555557 2
295.0 2.0 0.510546875 0.4708333333333333 0.21640625 0.30833333333333335 1
296.0 2.0 0.8441410000000001 0.266667 0.0710938 0.23611100000000002 2
296.0 2.0 0.501171875 0.47152777777777777 0.23046875 0.32083333333333336 1
297.0 2.0 0.513672 0.47083299999999995 0.23203100000000002 0.355556 1
297.0 2.0 0.845703 0.273611 0.0710938 0.22777799999999998 2
298.0 2.0 0.8453120000000001 0.277083 0.0671875 0.220833 2
298.0 2.0 0.504297 0.465972 0.23203100000000002 0.351389 1
299.0 2.0 0.49218799999999996 0.46527799999999997 0.228125 0.35 1
299.0 2.0 0.845703 0.279167 0.0710938 0.213889 2
300.0 2.0 0.8527340000000001 0.275 0.0679687 0.20833299999999996 2
300.0 2.0 0.47265625 0.46597222222222223 0.225 0.3458333333333333 1
301.0 2.0 0.47851600000000005 0.448611 0.23046899999999998 0.338889 1
301.0 2.0 0.853515625 0.29583333333333334 0.07109375 0.20833333333333334 2
302.0 2.0 0.466406 0.45138899999999993 0.23125 0.352778 1
302.0 2.0 0.8515625 0.30833333333333335 0.0734375 0.2222222222222222 2
303.0 2.0 0.854296875 0.3076388888888889 0.07109375 0.23194444444444445 2
303.0 2.0 0.44609375 0.44027777777777777 0.221875 0.3194444444444444 1
304.0 2.0 0.8507809999999999 0.302778 0.0765625 0.23611100000000002 2
304.0 2.0 0.43828125 0.4354166666666667 0.2 0.30694444444444446 1
305.0 2.0 0.85 0.302778 0.075 0.233333 2
305.0 2.0 0.426953125 0.4375 0.20390625 0.30277777777777776 1
306.0 2.0 0.8496089999999998 0.303472 0.0757812 0.231944 2
306.0 2.0 0.4203125 0.4388888888888889 0.1953125 0.31666666666666665 1
307.0 2.0 0.85 0.304167 0.075 0.233333 2
307.0 2.0 0.405859375 0.42777777777777776 0.18984375 0.33055555555555555 1
308.0 2.0 0.41601600000000005 0.427778 0.191406 0.308333 1
308.0 2.0 0.85 0.303472 0.075 0.231944 2
309.0 2.0 0.40351599999999993 0.427083 0.203906 0.320833 1
309.0 2.0 0.8503909999999999 0.306944 0.0757812 0.233333 2
310.0 2.0 0.8523440000000001 0.321528 0.075 0.259722 2
310.0 2.0 0.401563 0.427778 0.2 0.330556 1
311.0 2.0 0.8535160000000002 0.323611 0.0773437 0.261111 2
311.0 2.0 0.397266 0.426389 0.20078100000000002 0.330556 1
312.0 2.0 0.8542970000000001 0.324306 0.0773437 0.259722 2
312.0 2.0 0.392969 0.42430599999999996 0.20625 0.345833 1
313.0 2.0 0.855859 0.325694 0.0789063 0.259722 2
313.0 2.0 0.386719 0.41875 0.198437 0.351389 1
314.0 2.0 0.857422 0.329167 0.0789063 0.258333 2
314.0 2.0 0.379687 0.415972 0.196875 0.354167 1
315.0 2.0 0.859375 0.333333 0.0796875 0.25 2
315.0 2.0 0.373047 0.413194 0.191406 0.351389 1
316.0 2.0 0.8601560000000001 0.335417 0.078125 0.2375 2
316.0 2.0 0.366016 0.416667 0.185156 0.333333 1
317.0 2.0 0.8597660000000001 0.341667 0.0789063 0.23611100000000002 2
317.0 2.0 0.362891 0.40138900000000005 0.178906 0.327778 1
318.0 2.0 0.8578129999999999 0.34375 0.084375 0.240278 2
318.0 2.0 0.353906 0.40277799999999997 0.185937 0.333333 1
319.0 2.0 0.856641 0.345139 0.0851562 0.240278 2
319.0 2.0 0.348828 0.396528 0.178906 0.326389 1
320.0 2.0 0.855859 0.345139 0.0835937 0.240278 2
320.0 2.0 0.346094 0.384722 0.173438 0.308333 1
321.0 2.0 0.855859 0.346528 0.0835937 0.2375 2
321.0 2.0 0.3375 0.381944 0.175 0.308333 1
322.0 2.0 0.855469 0.346528 0.0828125 0.23472199999999996 2
322.0 2.0 0.328906 0.384722 0.171875 0.311111 1
323.0 2.0 0.855078 0.347222 0.0820312 0.23611100000000002 2
323.0 2.0 0.321875 0.3743060000000001 0.171875 0.306944 1
324.0 2.0 0.854688 0.347222 0.08125 0.23611100000000002 2
324.0 2.0 0.309766 0.373611 0.167969 0.3 1
325.0 2.0 0.854688 0.347222 0.08125 0.23611100000000002 2
325.0 2.0 0.302344 0.37152799999999997 0.179688 0.304167 1
326.0 2.0 0.854688 0.347222 0.08125 0.23611100000000002 2
326.0 2.0 0.296875 0.365972 0.165625 0.301389 1
327.0 2.0 0.854688 0.347222 0.08125 0.23611100000000002 2
327.0 2.0 0.289062 0.359722 0.1625 0.3 1
328.0 2.0 0.854688 0.346528 0.08125 0.23472199999999996 2
328.0 2.0 0.285156 0.35833300000000007 0.165625 0.305556 1
329.0 2.0 0.279687 0.36180599999999996 0.176563 0.298611 1
329.0 2.0 0.855078 0.345833 0.0820312 0.238889 2
330.0 2.0 0.855078 0.345833 0.0820312 0.238889 2
330.0 2.0 0.267188 0.359028 0.173438 0.281944 1
331.0 2.0 0.2625 0.352778 0.178125 0.277778 1
331.0 2.0 0.855078 0.345139 0.0820312 0.240278 2
332.0 2.0 0.85625 0.345139 0.084375 0.243056 2
332.0 2.0 0.257812 0.35763899999999993 0.165625 0.295833 1
333.0 2.0 0.8578129999999999 0.346528 0.0890625 0.2375 2
333.0 2.0 0.257031 0.35763899999999993 0.159375 0.306944 1
334.0 2.0 0.24843699999999996 0.343056 0.153125 0.286111 1
334.0 2.0 0.8601560000000001 0.347917 0.0921875 0.23472199999999996 2
335.0 2.0 0.8617190000000001 0.348611 0.09375 0.230556 2
335.0 2.0 0.241406 0.336111 0.153125 0.266667 1
336.0 2.0 0.23203100000000002 0.330556 0.159375 0.263889 1
336.0 2.0 0.862109 0.348611 0.0945313 0.22777799999999998 2
337.0 2.0 0.22773399999999996 0.330556 0.158594 0.263889 1
337.0 2.0 0.863281 0.347917 0.096875 0.22916700000000004 2
338.0 2.0 0.864844 0.347222 0.1 0.230556 2
338.0 2.0 0.219922 0.327083 0.153906 0.265278 1
339.0 2.0 0.865625 0.345833 0.101562 0.233333 2
339.0 2.0 0.21132800000000002 0.325 0.155469 0.277778 1
340.0 2.0 0.867188 0.345139 0.104687 0.231944 2
340.0 2.0 0.205078 0.320139 0.152344 0.273611 1
341.0 2.0 0.86875 0.345139 0.107813 0.231944 2
341.0 2.0 0.199609 0.318056 0.150781 0.286111 1
342.0 2.0 0.8683590000000001 0.345833 0.10703100000000002 0.233333 2
342.0 2.0 0.196484 0.318056 0.152344 0.294444 1
343.0 2.0 0.8683590000000001 0.345833 0.108594 0.230556 2
343.0 2.0 0.191797 0.313889 0.152344 0.283333 1
344.0 2.0 0.86875 0.345833 0.109375 0.230556 2
344.0 2.0 0.183594 0.30625 0.1625 0.290278 1
345.0 2.0 0.8683590000000001 0.347917 0.108594 0.22916700000000004 2
345.0 2.0 0.180078 0.304167 0.149219 0.291667 1
346.0 2.0 0.8683590000000001 0.348611 0.108594 0.22777799999999998 2
346.0 2.0 0.176563 0.302083 0.159375 0.304167 1
347.0 2.0 0.86875 0.348611 0.109375 0.22777799999999998 2
347.0 2.0 0.169141 0.294444 0.160156 0.294444 1
348.0 2.0 0.8691410000000002 0.348611 0.110156 0.22777799999999998 2
348.0 2.0 0.160938 0.291667 0.167187 0.305556 1
349.0 2.0 0.153125 0.291667 0.176563 0.311111 1
349.0 2.0 0.87265625 0.35833333333333334 0.115625 0.24722222222222223 2
350.0 2.0 0.869531 0.348611 0.109375 0.22777799999999998 2
350.0 2.0 0.146875 0.276389 0.173438 0.272222 1
351.0 2.0 0.148047 0.267361 0.177344 0.273611 1
351.0 2.0 0.8691410000000002 0.349306 0.110156 0.226389 2
352.0 2.0 0.143359 0.269444 0.171094 0.258333 1
352.0 2.0 0.8691410000000002 0.348611 0.110156 0.22777799999999998 2
353.0 2.0 0.8691410000000002 0.348611 0.110156 0.22777799999999998 2
353.0 2.0 0.1265625 0.2638888888888889 0.1546875 0.28888888888888886 1
354.0 2.0 0.869140625 0.34791666666666665 0.11015625 0.22916666666666666 2
354.0 2.0 0.136328125 0.26805555555555555 0.16640625 0.2638888888888889 1
355.0 2.0 0.869921875 0.34652777777777777 0.11015625 0.22916666666666666 2
355.0 2.0 0.135546875 0.26805555555555555 0.16640625 0.2638888888888889 1
356.0 2.0 0.134765625 0.26805555555555555 0.16640625 0.2638888888888889 1
356.0 2.0 0.87109375 0.3625 0.1109375 0.24444444444444444 2
357.0 2.0 0.129688 0.254861 0.15625 0.281944 1
357.0 2.0 0.869921875 0.34652777777777777 0.11015625 0.22916666666666666 2
358.0 2.0 0.870703125 0.34791666666666665 0.11015625 0.22916666666666666 2
358.0 2.0 0.113671875 0.24444444444444444 0.15859375 0.2972222222222222 1
359.0 2.0 0.869921875 0.34652777777777777 0.11015625 0.22916666666666666 2
359.0 2.0 0.130859375 0.2708333333333333 0.16640625 0.2638888888888889 1
360.0 2.0 0.110546875 0.24583333333333332 0.13828125 0.2638888888888889 1
360.0 2.0 0.87421875 0.35138888888888886 0.1109375 0.25 2
361.0 2.0 0.869921875 0.34652777777777777 0.11015625 0.22916666666666666 2
361.0 2.0 0.11015625 0.24583333333333332 0.1390625 0.2833333333333333 1
362.0 2.0 0.10234375 0.2388888888888889 0.125 0.2611111111111111 1
362.0 2.0 0.86953125 0.35694444444444445 0.1171875 0.24722222222222223 2
363.0 2.0 0.869921875 0.34652777777777777 0.11015625 0.22916666666666666 2
363.0 2.0 0.101171875 0.2625 0.13046875 0.2972222222222222 1
364.0 2.0 0.1 0.2638888888888889 0.1078125 0.2722222222222222 1
364.0 2.0 0.87265625 0.35555555555555557 0.10625 0.24444444444444444 2
365.0 2.0 0.869921875 0.34652777777777777 0.11015625 0.22916666666666666 2
365.0 2.0 0.095703125 0.26458333333333334 0.12578125 0.24583333333333332 1
366.0 2.0 0.09375 0.27291666666666664 0.1140625 0.22361111111111112 1
366.0 2.0 0.8703125 0.35694444444444445 0.1140625 0.2388888888888889 2
367.0 2.0 0.869921875 0.34652777777777777 0.11015625 0.22916666666666666 2
367.0 2.0 0.09765625 0.2659722222222222 0.1 0.22083333333333333 1
368.0 2.0 0.870703125 0.34791666666666665 0.11015625 0.22916666666666666 2
368.0 2.0 0.1015625 0.2777777777777778 0.0859375 0.2222222222222222 1
369.0 2.0 0.869921875 0.34652777777777777 0.11015625 0.22916666666666666 2
369.0 2.0 0.09453125 0.275 0.0796875 0.21944444444444444 1
370.0 2.0 0.870703125 0.34791666666666665 0.11015625 0.22916666666666666 2
370.0 2.0 0.0890625 0.27847222222222223 0.0703125 0.22083333333333333 1
371.0 2.0 0.869921875 0.34652777777777777 0.11015625 0.22916666666666666 2
371.0 2.0 0.0875 0.26458333333333334 0.0703125 0.1736111111111111 1
372.0 2.0 0.870703125 0.34791666666666665 0.11015625 0.22916666666666666 2
372.0 2.0 0.08125 0.25416666666666665 0.0625 0.19166666666666668 1
373.0 2.0 0.869921875 0.34652777777777777 0.11015625 0.22916666666666666 2
374.0 2.0 0.870703125 0.34791666666666665 0.11015625 0.22916666666666666 2
375.0 2.0 0.869921875 0.34652777777777777 0.11015625 0.22916666666666666 2
376.0 2.0 0.870703125 0.34791666666666665 0.11015625 0.22916666666666666 2
377.0 2.0 0.869921875 0.34652777777777777 0.11015625 0.22916666666666666 2
378.0 2.0 0.870703125 0.34791666666666665 0.11015625 0.22916666666666666 2
379.0 2.0 0.869921875 0.34652777777777777 0.11015625 0.22916666666666666 2
380.0 2.0 0.870703125 0.34791666666666665 0.11015625 0.22916666666666666 2
381.0 2.0 0.869921875 0.34652777777777777 0.11015625 0.22916666666666666 2
382.0 2.0 0.864844 0.339583 0.104687 0.248611 2
383.0 2.0 0.864062 0.338194 0.104687 0.256944 2
384.0 2.0 0.8660159999999999 0.332639 0.10234400000000002 0.270833 2
385.0 2.0 0.863281 0.329167 0.1 0.277778 2
386.0 2.0 0.8644529999999999 0.325694 0.0960938 0.2875 2
387.0 2.0 0.863672 0.322917 0.0945313 0.293056 2
388.0 2.0 0.862891 0.322917 0.0929687 0.295833 2
389.0 2.0 0.8625 0.322222 0.0921875 0.3 2
390.0 2.0 0.8625 0.320833 0.090625 0.302778 2
391.0 2.0 0.8625 0.319444 0.090625 0.305556 2
392.0 2.0 0.862891 0.318056 0.0914062 0.308333 2
393.0 2.0 0.862891 0.318056 0.0914062 0.311111 2
394.0 2.0 0.8625 0.317361 0.090625 0.309722 2
395.0 2.0 0.862891 0.317361 0.0914062 0.3125 2
396.0 2.0 0.8625 0.316667 0.0921875 0.311111 2
397.0 2.0 0.8625 0.317361 0.0921875 0.3125 2
398.0 2.0 0.862891 0.317361 0.0929687 0.3125 2
399.0 2.0 0.863281 0.317361 0.09375 0.3125 2
400.0 2.0 0.863281 0.316667 0.09375 0.311111 2
401.0 2.0 0.8652339999999998 0.315278 0.0882813 0.305556 2
402.0 2.0 0.862890625 0.32013888888888886 0.08828125 0.29583333333333334 2
403.0 2.0 0.856640625 0.3145833333333333 0.09609375 0.31527777777777777 2
404.0 2.0 0.856641 0.297222 0.0960938 0.255556 2
405.0 2.0 0.8542970000000001 0.305556 0.0976562 0.275 2
406.0 2.0 0.851172 0.30625 0.0992187 0.281944 2
407.0 2.0 0.8507809999999999 0.304861 0.0984375 0.290278 2
408.0 2.0 0.8503909999999999 0.302083 0.0960938 0.293056 2
409.0 2.0 0.8503909999999999 0.298611 0.0929687 0.305556 2
410.0 2.0 0.85 0.296528 0.09375 0.309722 2
411.0 2.0 0.8496089999999998 0.29375 0.0914062 0.315278 2
412.0 2.0 0.8503909999999999 0.296528 0.0914062 0.326389 2
413.0 2.0 0.85 0.290972 0.090625 0.323611 2
414.0 2.0 0.8507809999999999 0.288194 0.0890625 0.326389 2
415.0 2.0 0.85 0.286111 0.090625 0.330556 2
416.0 2.0 0.85 0.284028 0.0921875 0.331944 2
417.0 2.0 0.85 0.284722 0.0921875 0.336111 2
418.0 2.0 0.8507809999999999 0.282639 0.09375 0.331944 2
419.0 2.0 0.8507809999999999 0.284722 0.09375 0.336111 2
420.0 2.0 0.8507809999999999 0.282639 0.09375 0.334722 2
421.0 2.0 0.851172 0.284722 0.0929687 0.336111 2
422.0 2.0 0.851562 0.28125 0.0921875 0.331944 2
423.0 2.0 0.851953 0.28125 0.0914062 0.331944 2
424.0 2.0 0.8523440000000001 0.281944 0.0921875 0.333333 2
425.0 2.0 0.851562 0.282639 0.0921875 0.334722 2
426.0 2.0 0.851953 0.282639 0.0929687 0.334722 2
427.0 2.0 0.853125 0.281944 0.0921875 0.333333 2
428.0 2.0 0.8535160000000002 0.281944 0.0929687 0.333333 2
429.0 2.0 0.853125 0.283333 0.09375 0.336111 2
430.0 2.0 0.853125 0.283333 0.09375 0.336111 2
431.0 2.0 0.8535160000000002 0.282639 0.0945313 0.334722 2
432.0 2.0 0.853906 0.283333 0.096875 0.338889 2
433.0 2.0 0.853125 0.282639 0.096875 0.340278 2
434.0 2.0 0.853125 0.281944 0.096875 0.338889 2
435.0 2.0 0.853125 0.281944 0.096875 0.338889 2
436.0 2.0 0.8542970000000001 0.281944 0.0976562 0.338889 2
437.0 2.0 0.8542970000000001 0.282639 0.0976562 0.340278 2
438.0 2.0 0.854688 0.28125 0.0984375 0.340278 2
439.0 2.0 0.855469 0.28125 0.0984375 0.340278 2
440.0 2.0 0.855859 0.280556 0.0992187 0.338889 2
441.0 2.0 0.855859 0.28125 0.0992187 0.340278 2
442.0 2.0 0.855859 0.279861 0.0992187 0.3375 2
443.0 2.0 0.85625 0.279167 0.1 0.336111 2
444.0 2.0 0.856641 0.279861 0.0992187 0.3375 2
445.0 2.0 0.8570309999999999 0.278472 0.1 0.3375 2
446.0 2.0 0.8570309999999999 0.279861 0.1 0.3375 2
447.0 2.0 0.8570309999999999 0.279861 0.1 0.3375 2
448.0 2.0 0.8570309999999999 0.280556 0.1 0.338889 2
449.0 2.0 0.8570309999999999 0.279861 0.1 0.3375 2
450.0 2.0 0.857422 0.279861 0.10078099999999998 0.3375 2
451.0 2.0 0.857422 0.278472 0.10078099999999998 0.3375 2
452.0 2.0 0.857422 0.278472 0.10078099999999998 0.3375 2
453.0 2.0 0.8570309999999999 0.279167 0.101562 0.338889 2
454.0 2.0 0.8570309999999999 0.277778 0.101562 0.336111 2
455.0 2.0 0.8570309999999999 0.278472 0.101562 0.3375 2
456.0 2.0 0.8570309999999999 0.279167 0.101562 0.336111 2
457.0 2.0 0.85625 0.279861 0.101562 0.3375 2
458.0 2.0 0.856641 0.279861 0.10234400000000002 0.3375 2
459.0 2.0 0.856641 0.279861 0.10234400000000002 0.3375 2
460.0 2.0 0.856641 0.280556 0.10234400000000002 0.338889 2
461.0 2.0 0.8570309999999999 0.280556 0.103125 0.338889 2
462.0 2.0 0.857422 0.279861 0.10234400000000002 0.3375 2
463.0 2.0 0.8570309999999999 0.280556 0.103125 0.338889 2
464.0 2.0 0.856641 0.273611 0.10078099999999998 0.325 2
465.0 2.0 0.8570309999999999 0.273611 0.101562 0.325 2
466.0 2.0 0.8570309999999999 0.274306 0.101562 0.326389 2
467.0 2.0 0.8570309999999999 0.274306 0.101562 0.326389 2
468.0 2.0 0.8570309999999999 0.275 0.101562 0.327778 2
469.0 2.0 0.8570309999999999 0.275694 0.101562 0.329167 2
470.0 2.0 0.857422 0.274306 0.10078099999999998 0.326389 2
471.0 2.0 0.857422 0.273611 0.10078099999999998 0.325 2
472.0 2.0 0.857422 0.273611 0.10078099999999998 0.325 2
473.0 2.0 0.8570309999999999 0.272222 0.101562 0.322222 2
474.0 2.0 0.857422 0.272222 0.10234400000000002 0.322222 2
475.0 2.0 0.857422 0.272222 0.10234400000000002 0.322222 2
476.0 2.0 0.857422 0.272917 0.10234400000000002 0.323611 2
477.0 2.0 0.857422 0.272917 0.10234400000000002 0.326389 2
478.0 2.0 0.857422 0.275694 0.10234400000000002 0.329167 2
479.0 2.0 0.8570309999999999 0.274306 0.101562 0.326389 2
480.0 2.0 0.857422 0.275694 0.10234400000000002 0.331944 2
481.0 2.0 0.8570309999999999 0.276389 0.103125 0.333333 2
482.0 2.0 0.857422 0.275694 0.10234400000000002 0.331944 2
483.0 2.0 0.857422 0.276389 0.10234400000000002 0.333333 2
484.0 2.0 0.857422 0.276389 0.10234400000000002 0.330556 2
485.0 2.0 0.857422 0.277083 0.10234400000000002 0.331944 2
486.0 2.0 0.8570309999999999 0.272917 0.103125 0.323611 2
487.0 2.0 0.8570309999999999 0.270139 0.103125 0.318056 2
488.0 2.0 0.8570309999999999 0.270139 0.103125 0.318056 2
489.0 2.0 0.8570309999999999 0.270833 0.103125 0.319444 2
490.0 2.0 0.8570309999999999 0.271528 0.103125 0.320833 2
491.0 2.0 0.8570309999999999 0.271528 0.103125 0.320833 2
492.0 2.0 0.8570309999999999 0.272222 0.103125 0.322222 2
493.0 2.0 0.857422 0.272222 0.10234400000000002 0.322222 2
494.0 2.0 0.8570309999999999 0.272917 0.103125 0.326389 2
495.0 2.0 0.857422 0.273611 0.10234400000000002 0.325 2
496.0 2.0 0.8570309999999999 0.275 0.103125 0.330556 2
497.0 2.0 0.8570309999999999 0.273611 0.103125 0.327778 2
498.0 2.0 0.857422 0.272917 0.10234400000000002 0.323611 2
499.0 2.0 0.8570309999999999 0.272917 0.101562 0.323611 2
500.0 2.0 0.856641 0.273611 0.10078099999999998 0.325 2
501.0 2.0 0.856641 0.272917 0.10078099999999998 0.323611 2
502.0 2.0 0.8570309999999999 0.273611 0.101562 0.325 2
503.0 2.0 0.857422 0.272917 0.10234400000000002 0.323611 2
504.0 2.0 0.8578129999999999 0.275 0.101562 0.327778 2
505.0 2.0 0.8570309999999999 0.272917 0.101562 0.323611 2
506.0 2.0 0.8570309999999999 0.273611 0.101562 0.325 2
507.0 2.0 0.8570309999999999 0.272222 0.101562 0.322222 2
508.0 2.0 0.856641 0.272917 0.10078099999999998 0.323611 2
509.0 2.0 0.856641 0.273611 0.10078099999999998 0.322222 2
510.0 2.0 0.856641 0.272917 0.10078099999999998 0.323611 2
511.0 2.0 0.856641 0.272917 0.10078099999999998 0.320833 2
512.0 2.0 0.8570309999999999 0.272917 0.101562 0.323611 2
513.0 2.0 0.857422 0.271528 0.10234400000000002 0.320833 2
514.0 2.0 0.857422 0.270833 0.10234400000000002 0.319444 2
515.0 2.0 0.8570309999999999 0.271528 0.101562 0.320833 2
516.0 2.0 0.8570309999999999 0.272917 0.101562 0.323611 2
517.0 2.0 0.8570309999999999 0.273611 0.101562 0.325 2
518.0 2.0 0.8570309999999999 0.273611 0.101562 0.325 2
519.0 2.0 0.8570309999999999 0.275 0.101562 0.327778 2
520.0 2.0 0.8570309999999999 0.275 0.101562 0.327778 2
521.0 2.0 0.856641 0.275 0.10078099999999998 0.327778 2
522.0 2.0 0.856641 0.273611 0.0992187 0.325 2
523.0 2.0 0.85625 0.275694 0.1 0.326389 2
524.0 2.0 0.85625 0.275 0.0984375 0.325 2
525.0 2.0 0.85625 0.275694 0.1 0.326389 2
526.0 2.0 0.856641 0.273611 0.0992187 0.322222 2
527.0 2.0 0.856641 0.274306 0.0992187 0.323611 2
528.0 2.0 0.856641 0.272917 0.0992187 0.320833 2
529.0 2.0 0.856641 0.272917 0.0992187 0.320833 2
530.0 2.0 0.8570309999999999 0.271528 0.1 0.320833 2
531.0 2.0 0.856641 0.273611 0.0992187 0.325 2
532.0 2.0 0.856641 0.272917 0.0992187 0.323611 2
533.0 2.0 0.856641 0.274306 0.0992187 0.326389 2
534.0 2.0 0.8570309999999999 0.274306 0.1 0.326389 2
535.0 2.0 0.856641 0.275 0.0992187 0.327778 2
536.0 2.0 0.856641 0.275 0.0992187 0.327778 2
537.0 2.0 0.856641 0.275694 0.0992187 0.329167 2
538.0 2.0 0.856641 0.277778 0.10078099999999998 0.330556 2
539.0 2.0 0.856641 0.277083 0.10078099999999998 0.331944 2
540.0 2.0 0.8570309999999999 0.277778 0.1 0.333333 2
541.0 2.0 0.856641 0.276389 0.10078099999999998 0.330556 2
542.0 2.0 0.8570309999999999 0.276389 0.1 0.330556 2
543.0 2.0 0.856641 0.277083 0.10078099999999998 0.331944 2
544.0 2.0 0.856641 0.277083 0.10078099999999998 0.331944 2
545.0 2.0 0.856641 0.277778 0.10078099999999998 0.333333 2
546.0 2.0 0.856641 0.277778 0.0992187 0.330556 2
547.0 2.0 0.856641 0.276389 0.0992187 0.327778 2
548.0 2.0 0.856641 0.276389 0.0992187 0.327778 2
549.0 2.0 0.8570309999999999 0.277083 0.0984375 0.329167 2
550.0 2.0 0.856641 0.277083 0.0992187 0.329167 2
551.0 2.0 0.856641 0.277083 0.0992187 0.329167 2
552.0 2.0 0.856641 0.277083 0.0992187 0.331944 2
553.0 2.0 0.856641 0.276389 0.0992187 0.330556 2
554.0 2.0 0.856641 0.276389 0.0992187 0.330556 2
555.0 2.0 0.856641 0.275694 0.0992187 0.329167 2
556.0 2.0 0.85625 0.275694 0.0984375 0.329167 2
557.0 2.0 0.856641 0.276389 0.0976562 0.330556 2
558.0 2.0 0.856641 0.275694 0.0976562 0.326389 2
559.0 2.0 0.856641 0.277083 0.0976562 0.329167 2
560.0 2.0 0.8578129999999999 0.275694 0.0953125 0.326389 2
561.0 2.0 0.8578129999999999 0.277778 0.09375 0.327778 2
562.0 2.0 0.8589839999999999 0.278472 0.0945313 0.329167 2
563.0 2.0 0.8597660000000001 0.279167 0.0960938 0.330556 2
564.0 2.0 0.8605470000000001 0.276389 0.0960938 0.325 2
565.0 2.0 0.861328 0.278472 0.0945313 0.343056 2
566.0 2.0 0.8601560000000001 0.273611 0.0953125 0.319444 2
567.0 2.0 0.8597660000000001 0.274306 0.0960938 0.320833 2
568.0 2.0 0.8597660000000001 0.275 0.0960938 0.319444 2
569.0 2.0 0.8589839999999999 0.277083 0.0960938 0.323611 2
570.0 2.0 0.8589839999999999 0.279167 0.0960938 0.327778 2
571.0 2.0 0.8585939999999999 0.279861 0.096875 0.329167 2
572.0 2.0 0.8585939999999999 0.28125 0.0953125 0.331944 2
573.0 2.0 0.8578129999999999 0.281944 0.09375 0.330556 2
574.0 2.0 0.8585939999999999 0.280556 0.0859375 0.325 2
575.0 2.0 0.85625 0.282639 0.0875 0.331944 2
576.0 2.0 0.853125 0.285417 0.0859375 0.329167 2
577.0 2.0 0.854688 0.286111 0.0875 0.330556 2
578.0 2.0 0.855859 0.2875 0.0914062 0.333333 2
579.0 2.0 0.85625 0.288194 0.0984375 0.331944 2
580.0 2.0 0.8570309999999999 0.288889 0.101562 0.333333 2
581.0 2.0 0.8578129999999999 0.288889 0.104687 0.325 2
582.0 2.0 0.8601560000000001 0.291667 0.101562 0.327778 2
583.0 2.0 0.861328 0.291667 0.10703100000000002 0.327778 2
584.0 2.0 0.862109 0.291667 0.108594 0.330556 2
585.0 2.0 0.862109 0.290972 0.108594 0.329167 2
586.0 2.0 0.8625 0.291667 0.109375 0.330556 2
587.0 2.0 0.8625 0.291667 0.109375 0.333333 2
588.0 2.0 0.862891 0.291667 0.108594 0.330556 2
589.0 2.0 0.862109 0.291667 0.10703100000000002 0.330556 2
590.0 2.0 0.8605470000000001 0.292361 0.10390600000000001 0.329167 2
591.0 2.0 0.8589839999999999 0.293056 0.10234400000000002 0.327778 2
592.0 2.0 0.8570309999999999 0.290278 0.1 0.330556 2
593.0 2.0 0.85625 0.288889 0.096875 0.333333 2
594.0 2.0 0.855469 0.291667 0.0953125 0.333333 2
595.0 2.0 0.855078 0.290278 0.0945313 0.338889 2
596.0 2.0 0.854688 0.2875 0.09375 0.336111 2
597.0 2.0 0.853906 0.276389 0.096875 0.311111 2
598.0 2.0 0.853906 0.280556 0.0953125 0.322222 2
599.0 2.0 0.8542970000000001 0.280556 0.0945313 0.313889 2
600.0 2.0 0.855859 0.280556 0.0945313 0.322222 2
601.0 2.0 0.855469 0.28125 0.0953125 0.320833 2
602.0 2.0 0.855078 0.28125 0.0960938 0.323611 2
603.0 2.0 0.8535160000000002 0.279861 0.0992187 0.323611 2
604.0 2.0 0.8585939999999999 0.277083 0.0859375 0.3125 2
605.0 2.0 0.85859375 0.27291666666666664 0.090625 0.2902777777777778 2
606.0 2.0 0.873046875 0.24930555555555556 0.06171875 0.24861111111111112 2
612.0 2.0 0.830078125 0.30069444444444443 0.05234375 0.26805555555555555 2
613.0 2.0 0.84765625 0.2826388888888889 0.08125 0.30416666666666664 2
614.0 2.0 0.85 0.2875 0.0921875 0.3194444444444444 2
615.0 2.0 0.855078125 0.2791666666666667 0.08203125 0.33055555555555555 2
616.0 2.0 0.853125 0.278472 0.101562 0.329167 2
617.0 2.0 0.855078 0.275694 0.0992187 0.320833 2
618.0 2.0 0.855469 0.275694 0.0984375 0.323611 2
619.0 2.0 0.854688 0.276389 0.0984375 0.322222 2
620.0 2.0 0.857422 0.277083 0.0945313 0.326389 2
621.0 2.0 0.8570309999999999 0.277083 0.096875 0.323611 2
622.0 2.0 0.8570309999999999 0.277778 0.096875 0.322222 2
623.0 2.0 0.856641 0.276389 0.0960938 0.322222 2
624.0 2.0 0.856641 0.275 0.0960938 0.322222 2
625.0 2.0 0.85625 0.275 0.096875 0.322222 2
626.0 2.0 0.856641 0.275 0.0960938 0.322222 2
627.0 2.0 0.85625 0.274306 0.096875 0.323611 2
628.0 2.0 0.856641 0.275 0.0960938 0.322222 2
629.0 2.0 0.85625 0.275694 0.096875 0.323611 2
630.0 2.0 0.85625 0.274306 0.096875 0.323611 2
631.0 2.0 0.85625 0.275694 0.096875 0.323611 2
632.0 2.0 0.85625 0.275 0.096875 0.322222 2
633.0 2.0 0.85625 0.275694 0.096875 0.323611 2
634.0 2.0 0.856641 0.275694 0.0960938 0.323611 2
635.0 2.0 0.85625 0.276389 0.096875 0.322222 2
636.0 2.0 0.855469 0.276389 0.096875 0.325 2
637.0 2.0 0.855859 0.276389 0.0976562 0.325 2
638.0 2.0 0.855859 0.276389 0.0976562 0.325 2
639.0 2.0 0.855859 0.275694 0.0976562 0.323611 2
640.0 2.0 0.85625 0.275694 0.096875 0.323611 2
641.0 2.0 0.855469 0.275694 0.096875 0.323611 2
642.0 2.0 0.855078 0.274306 0.0960938 0.323611 2
643.0 2.0 0.8542970000000001 0.274306 0.0960938 0.323611 2
644.0 2.0 0.855078 0.272917 0.0945313 0.320833 2
645.0 2.0 0.8527340000000001 0.275 0.0976562 0.336111 2
646.0 2.0 0.8523440000000001 0.274306 0.0953125 0.340278 2
647.0 2.0 0.851562 0.270139 0.0921875 0.343056 2
648.0 2.0 0.8503909999999999 0.265972 0.0914062 0.318056 2
649.0 2.0 0.853906 0.261806 0.0859375 0.3125 2
650.0 2.0 0.8542970000000001 0.259028 0.0882813 0.318056 2
651.0 2.0 0.8535160000000002 0.259722 0.0867188 0.319444 2
652.0 2.0 0.851953 0.263889 0.0851562 0.35 2
653.0 2.0 0.8507809999999999 0.263194 0.08125 0.351389 2
654.0 2.0 0.8507809999999999 0.261111 0.0828125 0.355556 2
655.0 2.0 0.8507809999999999 0.259722 0.0828125 0.355556 2
656.0 2.0 0.8507809999999999 0.258333 0.08125 0.355556 2
657.0 2.0 0.851953 0.247917 0.0804688 0.329167 2
658.0 2.0 0.8507809999999999 0.256944 0.08125 0.355556 2
659.0 2.0 0.851172 0.256944 0.0804688 0.355556 2
660.0 2.0 0.853125 0.25 0.08125 0.333333 2
661.0 2.0 0.851953 0.257639 0.0820312 0.359722 2
662.0 2.0 0.8535160000000002 0.25 0.0835937 0.333333 2
663.0 2.0 0.855469 0.248611 0.0875 0.333333 2
664.0 2.0 0.855859 0.251389 0.0882813 0.336111 2
665.0 2.0 0.855859 0.252778 0.0867188 0.336111 2
666.0 2.0 0.855859 0.252083 0.0867188 0.334722 2
667.0 2.0 0.85625 0.251389 0.0875 0.336111 2
668.0 2.0 0.856641 0.250694 0.0882813 0.334722 2
669.0 2.0 0.85625 0.250694 0.0890625 0.334722 2
670.0 2.0 0.855859 0.252778 0.0898438 0.336111 2
671.0 2.0 0.855469 0.252778 0.0890625 0.336111 2
672.0 2.0 0.855859 0.253472 0.0898438 0.3375 2
673.0 2.0 0.856641 0.252778 0.0898438 0.338889 2
674.0 2.0 0.856641 0.251389 0.0898438 0.338889 2
675.0 2.0 0.85625 0.251389 0.0890625 0.338889 2
676.0 2.0 0.85625 0.250694 0.0890625 0.3375 2
677.0 2.0 0.8570309999999999 0.251389 0.0890625 0.338889 2
678.0 2.0 0.854688 0.259722 0.0875 0.366667 2
679.0 2.0 0.853906 0.259722 0.0890625 0.366667 2
680.0 2.0 0.856641 0.252778 0.0898438 0.341667 2
681.0 2.0 0.8570309999999999 0.253472 0.090625 0.340278 2
682.0 2.0 0.857422 0.252778 0.0898438 0.341667 2
683.0 2.0 0.857422 0.253472 0.0898438 0.340278 2
684.0 2.0 0.857422 0.252778 0.0898438 0.341667 2
685.0 2.0 0.8570309999999999 0.252778 0.090625 0.341667 2
686.0 2.0 0.856641 0.252083 0.0898438 0.340278 2
687.0 2.0 0.856641 0.251389 0.0898438 0.338889 2
688.0 2.0 0.857422 0.252083 0.0898438 0.340278 2
689.0 2.0 0.8570309999999999 0.25 0.090625 0.338889 2
690.0 2.0 0.8570309999999999 0.252083 0.090625 0.340278 2
691.0 2.0 0.8542970000000001 0.259028 0.0898438 0.368056 2
692.0 2.0 0.856641 0.250694 0.0914062 0.340278 2
693.0 2.0 0.856641 0.250694 0.0914062 0.340278 2
694.0 2.0 0.8570309999999999 0.24930599999999997 0.090625 0.3375 2
695.0 2.0 0.8570309999999999 0.24930599999999997 0.090625 0.3375 2
696.0 2.0 0.857422 0.24930599999999997 0.0914062 0.3375 2
697.0 2.0 0.8570309999999999 0.25 0.0921875 0.336111 2
698.0 2.0 0.8582029999999999 0.24930599999999997 0.0929687 0.3375 2
699.0 2.0 0.8585939999999999 0.247917 0.0921875 0.334722 2
700.0 2.0 0.8585939999999999 0.247917 0.0921875 0.334722 2
701.0 2.0 0.8582029999999999 0.248611 0.0929687 0.336111 2
702.0 2.0 0.8582029999999999 0.248611 0.0929687 0.336111 2
703.0 2.0 0.8582029999999999 0.248611 0.0929687 0.336111 2
704.0 2.0 0.8582029999999999 0.248611 0.0929687 0.336111 2
705.0 2.0 0.8585939999999999 0.248611 0.0921875 0.336111 2
706.0 2.0 0.8585939999999999 0.248611 0.0921875 0.336111 2
707.0 2.0 0.8585939999999999 0.248611 0.0921875 0.338889 2
708.0 2.0 0.8589839999999999 0.25 0.0929687 0.338889 2
709.0 2.0 0.8585939999999999 0.24930599999999997 0.09375 0.340278 2
710.0 2.0 0.8585939999999999 0.25 0.09375 0.341667 2
711.0 2.0 0.8585939999999999 0.25 0.09375 0.338889 2
712.0 2.0 0.8582029999999999 0.248611 0.0929687 0.336111 2
713.0 2.0 0.8582029999999999 0.24930599999999997 0.0929687 0.3375 2
714.0 2.0 0.8582029999999999 0.24930599999999997 0.0929687 0.3375 2
715.0 2.0 0.8585939999999999 0.248611 0.09375 0.338889 2
716.0 2.0 0.8585939999999999 0.248611 0.09375 0.338889 2
717.0 2.0 0.8585939999999999 0.247917 0.09375 0.340278 2
718.0 2.0 0.8585939999999999 0.247917 0.09375 0.3375 2
719.0 2.0 0.8585939999999999 0.247917 0.09375 0.3375 2
720.0 2.0 0.8582029999999999 0.24930599999999997 0.0929687 0.3375 2
721.0 2.0 0.8582029999999999 0.247917 0.0929687 0.3375 2
722.0 2.0 0.8582029999999999 0.247917 0.0929687 0.3375 2
723.0 2.0 0.8582029999999999 0.247917 0.0929687 0.3375 2
724.0 2.0 0.8585939999999999 0.247917 0.09375 0.3375 2
725.0 2.0 0.8585939999999999 0.247917 0.09375 0.3375 2
726.0 2.0 0.8585939999999999 0.247222 0.0921875 0.336111 2
727.0 2.0 0.8585939999999999 0.247222 0.0921875 0.336111 2
728.0 2.0 0.8589839999999999 0.247222 0.0929687 0.336111 2
729.0 2.0 0.859375 0.246528 0.0921875 0.334722 2
730.0 2.0 0.8589839999999999 0.24583300000000002 0.0929687 0.336111 2
731.0 2.0 0.8589839999999999 0.24444399999999997 0.0929687 0.336111 2
732.0 2.0 0.8585939999999999 0.24583300000000002 0.09375 0.336111 2
733.0 2.0 0.8589839999999999 0.24583300000000002 0.0945313 0.336111 2
734.0 2.0 0.8589839999999999 0.24444399999999997 0.0945313 0.336111 2
735.0 2.0 0.8585939999999999 0.247222 0.0953125 0.338889 2
736.0 2.0 0.8582029999999999 0.248611 0.0960938 0.338889 2
737.0 2.0 0.8578129999999999 0.25 0.096875 0.338889 2
738.0 2.0 0.8570309999999999 0.24930599999999997 0.0984375 0.3375 2
739.0 2.0 0.8578129999999999 0.251389 0.1 0.341667 2
740.0 2.0 0.8578129999999999 0.24930599999999997 0.101562 0.343056 2
741.0 2.0 0.8585939999999999 0.247917 0.101562 0.345833 2
742.0 2.0 0.8582029999999999 0.247222 0.10234400000000002 0.347222 2
743.0 2.0 0.857422 0.247222 0.10390600000000001 0.347222 2
744.0 2.0 0.857422 0.247917 0.10390600000000001 0.345833 2
745.0 2.0 0.859375 0.251389 0.096875 0.344444 2
746.0 2.0 0.8597660000000001 0.250694 0.0960938 0.345833 2
747.0 2.0 0.8597660000000001 0.250694 0.0960938 0.345833 2
748.0 2.0 0.8597660000000001 0.24930599999999997 0.0960938 0.348611 2
749.0 2.0 0.8597660000000001 0.248611 0.0960938 0.347222 2
750.0 2.0 0.8597660000000001 0.24930599999999997 0.0960938 0.345833 2
751.0 2.0 0.8597660000000001 0.24930599999999997 0.0960938 0.345833 2
752.0 2.0 0.8601560000000001 0.247917 0.0984375 0.345833 2
753.0 2.0 0.8601560000000001 0.247917 0.0984375 0.345833 2
754.0 2.0 0.8601560000000001 0.247222 0.0984375 0.347222 2
755.0 2.0 0.8601560000000001 0.24930599999999997 0.0984375 0.343056 2
756.0 2.0 0.859375 0.25 0.101562 0.344444 2
757.0 2.0 0.859375 0.247222 0.104687 0.344444 2
758.0 2.0 0.8589839999999999 0.247917 0.108594 0.348611 2
759.0 2.0 0.8570309999999999 0.247917 0.120312 0.351389 2
760.0 2.0 0.85625 0.24930599999999997 0.126563 0.35694400000000004 2
761.0 2.0 0.8570309999999999 0.247222 0.128125 0.363889 2
762.0 2.0 0.855078 0.247222 0.130469 0.366667 2
763.0 2.0 0.853906 0.24583300000000002 0.132812 0.372222 2
764.0 2.0 0.8542970000000001 0.246528 0.133594 0.373611 2
765.0 2.0 0.853906 0.247222 0.134375 0.372222 2
766.0 2.0 0.8523440000000001 0.248611 0.132812 0.369444 2
767.0 2.0 0.851562 0.24930599999999997 0.134375 0.3708330000000001 2
768.0 2.0 0.8503909999999999 0.250694 0.135156 0.373611 2
769.0 2.0 0.8496089999999998 0.250694 0.135156 0.373611 2
770.0 2.0 0.849219 0.25 0.132812 0.369444 2
771.0 2.0 0.851562 0.24375 0.125 0.3625 2
772.0 2.0 0.8542970000000001 0.238194 0.11796900000000002 0.345833 2
773.0 2.0 0.855078 0.24097200000000002 0.113281 0.343056 2
774.0 2.0 0.855469 0.252778 0.110937 0.35 2
775.0 2.0 0.855078 0.254861 0.108594 0.348611 2
776.0 2.0 0.8535160000000002 0.25625 0.10390600000000001 0.343056 2
777.0 2.0 0.8527340000000001 0.263194 0.0992187 0.368056 2
778.0 2.0 0.851953 0.265972 0.0914062 0.365278 2
779.0 2.0 0.8523440000000001 0.265972 0.0921875 0.365278 2
780.0 2.0 0.8523440000000001 0.267361 0.090625 0.365278 2
781.0 2.0 0.851172 0.269444 0.0835937 0.363889 2
782.0 2.0 0.851953 0.273611 0.0820312 0.35 2
783.0 2.0 0.8535160000000002 0.272222 0.0867188 0.341667 2
784.0 2.0 0.8578129999999999 0.278472 0.0953125 0.340278 2
785.0 2.0 0.8644529999999999 0.284722 0.110156 0.338889 2
786.0 2.0 0.86875 0.283333 0.11875 0.330556 2
787.0 2.0 0.8765620000000001 0.286111 0.13125 0.319444 2
788.0 2.0 0.8835940000000001 0.289583 0.125 0.309722 2
789.0 2.0 0.898828 0.290278 0.121094 0.319444 2
790.0 2.0 0.900781 0.301389 0.123438 0.327778 2
791.0 2.0 0.902734 0.302778 0.128906 0.316667 2
792.0 2.0 0.902734 0.306944 0.128906 0.313889 2
793.0 2.0 0.9070310000000001 0.313194 0.134375 0.315278 2
794.0 2.0 0.9121089999999998 0.31875 0.136719 0.309722 2
795.0 2.0 0.9195309999999999 0.327778 0.14375 0.35 2
796.0 2.0 0.924609 0.333333 0.150781 0.347222 2
797.0 2.0 0.925 0.342361 0.15 0.334722 2
798.0 2.0 0.932813 0.349306 0.13125 0.331944 2
799.0 2.0 0.933984 0.345833 0.127344 0.338889 2
800.0 2.0 0.9367189999999999 0.36180599999999996 0.125 0.381944 2
801.0 2.0 0.9375 0.36180599999999996 0.120312 0.395833 2
802.0 2.0 0.941406 0.355556 0.110937 0.425 2
803.0 2.0 0.9441409999999999 0.354861 0.10390600000000001 0.40972200000000003 2
804.0 2.0 0.950390625 0.43680555555555556 0.09765625 0.2875 2
805.0 2.0 0.948828125 0.4479166666666667 0.09296875 0.2569444444444444 2
806.0 2.0 0.958984375 0.46041666666666664 0.08046875 0.22083333333333333 2
807.0 2.0 0.9609375 0.45694444444444443 0.0765625 0.21666666666666667 2
808.0 2.0 0.9609375 0.45694444444444443 0.0765625 0.21666666666666667 2
809.0 2.0 0.962109375 0.4597222222222222 0.07578125 0.21666666666666667 2
810.0 2.0 0.962890625 0.4597222222222222 0.07421875 0.21666666666666667 2
811.0 2.0 0.962890625 0.4597222222222222 0.07421875 0.21666666666666667 2
812.0 2.0 0.963671875 0.45694444444444443 0.07265625 0.21666666666666667 2
813.0 2.0 0.963671875 0.45694444444444443 0.07265625 0.21666666666666667 2
814.0 2.0 0.963671875 0.45694444444444443 0.07265625 0.21666666666666667 2
815.0 2.0 0.9671875 0.4131944444444444 0.0640625 0.34305555555555556 2
816.0 2.0 0.96640625 0.40902777777777777 0.065625 0.3541666666666667 2
817.0 2.0 0.9691410000000001 0.4375 0.0617188 0.325 2
818.0 2.0 0.9675779999999999 0.40833299999999995 0.0632813 0.366667 2
819.0 2.0 0.9675779999999999 0.4069439999999999 0.0632813 0.372222 2
820.0 2.0 0.972656 0.404861 0.0546875 0.368056 2
821.0 2.0 0.9675779999999999 0.395833 0.0648438 0.344444 2
822.0 2.0 0.963281 0.403472 0.071875 0.368056 2
823.0 2.0 0.964063 0.40972200000000003 0.0703125 0.397222 2
824.0 2.0 0.9625 0.4055560000000001 0.0734375 0.4055560000000001 2
825.0 2.0 0.957422 0.39166699999999993 0.0835937 0.366667 2
826.0 2.0 0.9542970000000001 0.37847200000000003 0.0898438 0.3625 2
827.0 2.0 0.9535160000000001 0.364583 0.0914062 0.345833 2
828.0 2.0 0.9472660000000002 0.352778 0.10390600000000001 0.325 2
829.0 2.0 0.9472660000000002 0.36875 0.10234400000000002 0.373611 2
830.0 2.0 0.94375 0.36111100000000007 0.101562 0.36111100000000007 2
831.0 2.0 0.942969 0.365972 0.10625 0.365278 2
832.0 2.0 0.94375 0.36180599999999996 0.104687 0.3625 2
833.0 2.0 0.941797 0.35 0.11640599999999998 0.333333 2
834.0 2.0 0.9445309999999999 0.353472 0.10625 0.348611 2
835.0 2.0 0.941016 0.352083 0.11796900000000002 0.3375 2
836.0 2.0 0.940625 0.351389 0.11875 0.341667 2
837.0 2.0 0.940625 0.352083 0.11875 0.345833 2
838.0 2.0 0.9398440000000001 0.352083 0.120312 0.348611 2
839.0 2.0 0.9367189999999999 0.36875 0.125 0.368056 2
840.0 2.0 0.933984 0.355556 0.128906 0.35833300000000007 2
841.0 2.0 0.932813 0.347222 0.129688 0.352778 2
842.0 2.0 0.9304690000000001 0.345139 0.134375 0.35694400000000004 2
843.0 2.0 0.9289059999999999 0.355556 0.132812 0.372222 2
844.0 2.0 0.9285159999999999 0.354861 0.133594 0.376389 2
845.0 2.0 0.924609 0.340278 0.136719 0.355556 2
846.0 2.0 0.9242190000000001 0.334722 0.134375 0.352778 2
847.0 2.0 0.9234370000000001 0.331944 0.135937 0.347222 2
848.0 2.0 0.9234370000000001 0.342361 0.135937 0.368056 2
849.0 2.0 0.921875 0.342361 0.134375 0.368056 2
850.0 2.0 0.9210939999999999 0.345139 0.134375 0.3708330000000001 2
851.0 2.0 0.919922 0.343056 0.135156 0.372222 2
852.0 2.0 0.916406 0.341667 0.134375 0.372222 2
853.0 2.0 0.914062 0.339583 0.132812 0.3791669999999999 2
854.0 2.0 0.9121089999999998 0.336111 0.132031 0.386111 2
855.0 2.0 0.908203 0.329167 0.139844 0.386111 2
856.0 2.0 0.908203 0.328472 0.146094 0.3875 2
857.0 2.0 0.90625 0.323611 0.14375 0.38888899999999993 2
858.0 2.0 0.904297 0.324306 0.146094 0.395833 2
859.0 2.0 0.901953 0.322222 0.144531 0.394444 2
860.0 2.0 0.9039059999999999 0.314583 0.139062 0.384722 2
861.0 2.0 0.903516 0.309722 0.139844 0.380556 2
862.0 2.0 0.900781 0.292361 0.1375 0.35694400000000004 2
863.0 2.0 0.896875 0.29375 0.135937 0.368056 2
864.0 2.0 0.89375 0.295139 0.132812 0.373611 2
865.0 2.0 0.8929690000000001 0.294444 0.135937 0.377778 2
866.0 2.0 0.887109 0.299306 0.147656 0.3791669999999999 2
867.0 2.0 0.886719 0.295833 0.148438 0.380556 2
868.0 2.0 0.8847660000000002 0.297222 0.149219 0.380556 2
869.0 2.0 0.8839840000000001 0.296528 0.150781 0.381944 2
870.0 2.0 0.882812 0.297917 0.148438 0.381944 2
871.0 2.0 0.88125 0.295833 0.14375 0.383333 2
872.0 2.0 0.8820309999999999 0.289583 0.1375 0.373611 2
873.0 2.0 0.880469 0.285417 0.139062 0.3708330000000001 2
874.0 2.0 0.878516 0.275694 0.128906 0.329167 2
875.0 2.0 0.878516 0.283333 0.136719 0.369444 2
876.0 2.0 0.877734 0.283333 0.136719 0.372222 2
877.0 2.0 0.877734 0.284722 0.136719 0.372222 2
878.0 2.0 0.8765620000000001 0.285417 0.132812 0.376389 2
879.0 2.0 0.8765620000000001 0.286111 0.132812 0.377778 2
880.0 2.0 0.8765620000000001 0.285417 0.132812 0.376389 2
881.0 2.0 0.8746089999999999 0.285417 0.130469 0.376389 2
882.0 2.0 0.875 0.284722 0.134375 0.372222 2
883.0 2.0 0.875 0.284722 0.135937 0.372222 2
884.0 2.0 0.8746089999999999 0.284028 0.133594 0.3708330000000001 2
885.0 2.0 0.8761720000000001 0.283333 0.136719 0.369444 2
886.0 2.0 0.8757810000000001 0.284722 0.132812 0.372222 2
887.0 2.0 0.8773440000000001 0.284028 0.1375 0.368056 2
888.0 2.0 0.8773440000000001 0.286111 0.134375 0.372222 2
889.0 2.0 0.8765620000000001 0.284722 0.134375 0.372222 2
890.0 2.0 0.8761720000000001 0.284722 0.133594 0.375 2
891.0 2.0 0.8753910000000001 0.284028 0.132031 0.373611 2
892.0 2.0 0.8757810000000001 0.285417 0.132812 0.373611 2
893.0 2.0 0.8761720000000001 0.284722 0.130469 0.375 2
894.0 2.0 0.8761720000000001 0.285417 0.128906 0.373611 2
895.0 2.0 0.8761720000000001 0.285417 0.128906 0.373611 2
896.0 2.0 0.8765620000000001 0.286111 0.128125 0.372222 2
897.0 2.0 0.8820309999999999 0.288889 0.123438 0.363889 2
898.0 2.0 0.8839840000000001 0.290278 0.121094 0.366667 2
899.0 2.0 0.88125 0.288889 0.121875 0.369444 2
900.0 2.0 0.8820309999999999 0.289583 0.120312 0.368056 2
901.0 2.0 0.8820309999999999 0.289583 0.117188 0.368056 2
902.0 2.0 0.882812 0.289583 0.115625 0.368056 2
903.0 2.0 0.8820309999999999 0.289583 0.114063 0.368056 2
904.0 2.0 0.8816409999999999 0.289583 0.11484399999999999 0.368056 2
905.0 2.0 0.88125 0.289583 0.114063 0.368056 2
906.0 2.0 0.8847660000000002 0.289583 0.11484399999999999 0.365278 2
907.0 2.0 0.8847660000000002 0.288889 0.11484399999999999 0.363889 2
908.0 2.0 0.884375 0.288889 0.114063 0.36111100000000007 2
909.0 2.0 0.8839840000000001 0.288889 0.113281 0.363889 2
910.0 2.0 0.8847660000000002 0.289583 0.113281 0.365278 2
911.0 2.0 0.8839840000000001 0.288889 0.113281 0.363889 2
912.0 2.0 0.88125 0.282639 0.121875 0.368056 2
913.0 2.0 0.879297 0.282639 0.127344 0.3708330000000001 2
914.0 2.0 0.878125 0.282639 0.128125 0.3708330000000001 2
915.0 2.0 0.8757810000000001 0.282639 0.129688 0.376389 2
916.0 2.0 0.8753910000000001 0.28125 0.130469 0.376389 2
917.0 2.0 0.8742189999999999 0.280556 0.126563 0.380556 2
918.0 2.0 0.8738279999999999 0.280556 0.127344 0.383333 2
919.0 2.0 0.8738279999999999 0.279861 0.127344 0.381944 2
920.0 2.0 0.8738279999999999 0.28125 0.128906 0.384722 2
921.0 2.0 0.8734379999999999 0.28125 0.128125 0.384722 2
922.0 2.0 0.8734379999999999 0.28125 0.128125 0.384722 2
923.0 2.0 0.8738279999999999 0.28125 0.127344 0.384722 2
924.0 2.0 0.8734379999999999 0.280556 0.126563 0.383333 2
925.0 2.0 0.8738279999999999 0.28125 0.127344 0.384722 2
926.0 2.0 0.8738279999999999 0.280556 0.127344 0.383333 2
927.0 2.0 0.8738279999999999 0.280556 0.127344 0.383333 2
928.0 2.0 0.8773440000000001 0.281944 0.128125 0.377778 2
929.0 2.0 0.8835940000000001 0.28125 0.11875 0.3708330000000001 2
930.0 2.0 0.882812 0.289583 0.109375 0.3708330000000001 2
931.0 2.0 0.882812 0.290278 0.109375 0.372222 2
