140 2 0.723828125 0.04861111111111111 0.04609375 0.09166666666666666
141 2 0.723828125 0.05277777777777778 0.04765625 0.09722222222222222
142 2 0.725 0.050694444444444445 0.0484375 0.09583333333333334
143 2 0.72890625 0.04652777777777778 0.0484375 0.09305555555555556
144 2 0.729296875 0.04722222222222222 0.04453125 0.08888888888888889
145 2 0.7328125 0.05138888888888889 0.0484375 0.09444444444444444
146 2 0.7328125 0.05138888888888889 0.0484375 0.09444444444444444
147 2 0.7328125 0.05277777777777778 0.0484375 0.09444444444444444
148 2 0.7328125 0.05277777777777778 0.0484375 0.09444444444444444
149 2 0.7328125 0.05416666666666667 0.0484375 0.09444444444444444
150 2 0.7328125 0.05416666666666667 0.0484375 0.09444444444444444
151 2 0.73359375 0.05555555555555555 0.0484375 0.09444444444444444
152 2 0.734375 0.05694444444444444 0.0484375 0.09444444444444444
153 2 0.73515625 0.05694444444444444 0.0484375 0.09444444444444444
154 2 0.73515625 0.06180555555555556 0.046875 0.12361111111111112
155 2 0.73515625 0.06597222222222222 0.04375 0.12916666666666668
156 2 0.73984375 0.06527777777777778 0.053125 0.125
157 2 0.73828125 0.06597222222222222 0.053125 0.12638888888888888
158 2 0.743359 0.0618056 0.0539063 0.123611
159 2 0.745703 0.0645833 0.0523437 0.129167
160 2 0.745313 0.0645833 0.0515625 0.129167
161 2 0.745703 0.0638889 0.0507812 0.127778
162 2 0.744531 0.0694444 0.053125 0.138889
163 2 0.744922 0.0666667 0.0523437 0.133333
164 2 0.745313 0.0694444 0.0515625 0.138889
165 2 0.744531 0.0673611 0.05 0.134722
166 2 0.744531 0.0659722 0.0484375 0.131944
167 2 0.744922 0.06875 0.0492188 0.1375
168 2 0.744531 0.0694444 0.05 0.138889
169 2 0.744141 0.0708333 0.0492188 0.141667
170 2 0.745313 0.0708333 0.053125 0.141667
171 2 0.744922 0.0805556 0.0476562 0.161111
172 2 0.745703 0.0715278 0.0507812 0.143056
173 2 0.746484 0.0736111 0.0554687 0.147222
174 2 0.747266 0.0722222 0.0570313 0.144444
175 2 0.7515625 0.08333333333333333 0.0515625 0.15833333333333333
176 2 0.75234375 0.08888888888888889 0.05625 0.16944444444444445
177 2 0.75234375 0.09097222222222222 0.053125 0.17083333333333334
178 2 0.755859 0.0861111 0.0570313 0.172222
179 2 0.750390625 0.09166666666666666 0.05546875 0.175
180 2 0.752734375 0.08958333333333333 0.05078125 0.1736111111111111
181 2 0.75625 0.0826389 0.05625 0.165278
182 2 0.7546875 0.08680555555555555 0.0546875 0.16805555555555557
183 2 0.757421875 0.09513888888888888 0.05234375 0.17916666666666667
184 2 0.756640625 0.10277777777777777 0.04921875 0.18888888888888888
185 2 0.759375 0.09375 0.0515625 0.1875
186 2 0.762109 0.100694 0.0539063 0.190278
187 2 0.766406 0.100694 0.05625 0.201389
188 2 0.769531 0.100694 0.0578125 0.195833
189 2 0.767969 0.102778 0.0640625 0.191667
190 2 0.769531 0.104167 0.0640625 0.186111
191 2 0.770312 0.106944 0.0640625 0.183333
192 2 0.76953125 0.10555555555555556 0.0640625 0.18333333333333332
193 2 0.7734375 0.14375 0.0578125 0.2013888888888889
194 2 0.772265625 0.15 0.06171875 0.21666666666666667
195 2 0.771484375 0.1451388888888889 0.05859375 0.20972222222222223
196 2 0.76875 0.1527777777777778 0.0609375 0.19722222222222222
197 2 0.770703125 0.15347222222222223 0.05703125 0.19583333333333333
198 2 0.771094 0.136806 0.059375 0.206944
199 2 0.771094 0.133333 0.059375 0.2
199 2 0.7234375 0.06597222222222222 0.0375 0.11527777777777778
200 2 0.771875 0.135417 0.0625 0.198611
200 2 0.723828125 0.06527777777777778 0.04296875 0.11388888888888889
201 2 0.773828 0.136111 0.0601562 0.197222
201 2 0.72578125 0.06666666666666667 0.05 0.11944444444444445
202 2 0.778125 0.18541666666666667 0.0640625 0.2263888888888889
202 2 0.7234375 0.06736111111111111 0.0546875 0.12638888888888888
203 2 0.78046875 0.13055555555555556 0.0640625 0.18333333333333332
203 2 0.7296875 0.06805555555555555 0.0609375 0.12777777777777777
204 2 0.72734375 0.06527777777777778 0.05625 0.12222222222222222
204 2 0.7796875 0.19930555555555557 0.0671875 0.22361111111111112
205 2 0.77890625 0.19444444444444445 0.0625 0.20833333333333334
205 2 0.728125 0.06875 0.0515625 0.12916666666666668
206 2 0.783984375 0.20555555555555555 0.06796875 0.2111111111111111
206 2 0.734375 0.07291666666666667 0.0546875 0.12361111111111112
207 2 0.783203 0.193056 0.0757812 0.202778
207 2 0.73515625 0.06944444444444445 0.05 0.13333333333333333
208 2 0.741797 0.0659722 0.0617188 0.131944
208 2 0.788281 0.194444 0.06875 0.202778
209 2 0.74375 0.06875 0.0640625 0.1375
209 2 0.788672 0.197917 0.0695312 0.201389
210 2 0.78984375 0.22847222222222222 0.065625 0.2125
210 2 0.74296875 0.06875 0.06875 0.12361111111111112
211 2 0.790234 0.213889 0.0664062 0.219444
211 2 0.75390625 0.07083333333333333 0.075 0.13333333333333333
212 2 0.75625 0.0784722 0.0671875 0.156944
212 2 0.788281 0.225 0.06875 0.222222
213 2 0.756641 0.0791667 0.0632813 0.152778
213 2 0.790625 0.226389 0.06875 0.208333
214 2 0.7625 0.0784722 0.0640625 0.156944
214 2 0.789844 0.228472 0.06875 0.206944
215 2 0.765234 0.08125 0.0648438 0.1625
215 2 0.789453 0.233333 0.0664062 0.202778
216 2 0.789453 0.238889 0.0664062 0.197222
216 2 0.766406 0.0826389 0.0625 0.165278
217 2 0.767578 0.0888889 0.0617188 0.177778
217 2 0.79296875 0.27708333333333335 0.0625 0.19305555555555556
218 2 0.769141 0.0861111 0.0617188 0.172222
218 2 0.7921875 0.28680555555555554 0.0609375 0.19305555555555556
219 2 0.79296875 0.2972222222222222 0.0609375 0.2
219 2 0.77578125 0.08402777777777778 0.06875 0.1597222222222222
220 2 0.8 0.30833333333333335 0.0671875 0.17777777777777778
220 2 0.77109375 0.08888888888888889 0.06875 0.1638888888888889
221 2 0.78125 0.09236111111111112 0.0734375 0.17083333333333334
221 2 0.80078125 0.32013888888888886 0.06875 0.18472222222222223
222 2 0.8015625 0.3159722222222222 0.0609375 0.1736111111111111
222 2 0.78203125 0.09444444444444444 0.06875 0.18333333333333332
223 2 0.785937 0.0951389 0.0734375 0.190278
223 2 0.804297 0.295833 0.0710938 0.177778
224 2 0.805469 0.298611 0.071875 0.175
224 2 0.790234 0.0930556 0.0773437 0.186111
225 2 0.805859 0.303472 0.0726563 0.173611
225 2 0.791016 0.0930556 0.0710938 0.186111
226 2 0.79375 0.0972222 0.06875 0.194444
226 2 0.798046875 0.34930555555555554 0.07578125 0.20694444444444443
227 2 0.797266 0.0986111 0.0679687 0.197222
227 2 0.79921875 0.35208333333333336 0.071875 0.18472222222222223
228 2 0.798437 0.0972222 0.0671875 0.194444
228 2 0.7953125 0.35555555555555557 0.071875 0.18611111111111112
229 2 0.802734 0.105556 0.0773437 0.211111
229 2 0.794921875 0.35625 0.07109375 0.1736111111111111
230 2 0.798828 0.104167 0.0742188 0.208333
230 2 0.794921875 0.3576388888888889 0.07578125 0.17916666666666667
231 2 0.803516 0.104167 0.0789063 0.208333
231 2 0.794921875 0.3576388888888889 0.07578125 0.17916666666666667
232 2 0.805859 0.104167 0.0757812 0.208333
232 2 0.794140625 0.36180555555555555 0.07578125 0.17916666666666667
233 2 0.791406 0.342361 0.078125 0.184722
233 2 0.799609375 0.10416666666666667 0.07421875 0.20833333333333334
234 2 0.809766 0.0972222 0.0804688 0.194444
234 2 0.794140625 0.3729166666666667 0.07578125 0.17916666666666667
235 2 0.791016 0.372222 0.0820312 0.216667
235 2 0.801171875 0.10694444444444444 0.07421875 0.20833333333333334
236 2 0.790234 0.380556 0.0820312 0.219444
236 2 0.8125 0.0986111 0.0796875 0.197222
237 2 0.789844 0.385417 0.0828125 0.215278
237 2 0.813672 0.102778 0.0789063 0.205556
238 2 0.789453 0.391667 0.0882813 0.208333
238 2 0.816016 0.103472 0.0789063 0.206944
239 2 0.817578 0.103472 0.0789063 0.206944
239 2 0.793359375 0.4076388888888889 0.07578125 0.17916666666666667
240 2 0.81875 0.109722 0.08125 0.219444
240 2 0.77890625 0.4201388888888889 0.1015625 0.2013888888888889
241 2 0.81875 0.106944 0.0828125 0.213889
241 2 0.77890625 0.43194444444444446 0.10625 0.2222222222222222
242 2 0.818359 0.108333 0.0851562 0.216667
242 2 0.769921875 0.4423611111111111 0.11640625 0.22916666666666666
243 2 0.819141 0.106944 0.0804688 0.213889
243 2 0.769921875 0.44375 0.11171875 0.23194444444444445
244 2 0.76875 0.427778 0.107813 0.197222
244 2 0.821484 0.105556 0.0742188 0.211111
245 2 0.7625 0.432639 0.110937 0.193056
245 2 0.822266 0.108333 0.0742188 0.216667
246 2 0.759375 0.436806 0.117188 0.184722
246 2 0.826563 0.111111 0.075 0.222222
247 2 0.758984 0.438194 0.119531 0.184722
247 2 0.825781 0.113889 0.075 0.227778
248 2 0.819921875 0.1375 0.07734375 0.25277777777777777
248 2 0.76015625 0.45208333333333334 0.1375 0.2013888888888889
249 2 0.819922 0.124306 0.0742188 0.248611
249 2 0.76015625 0.46458333333333335 0.1296875 0.20416666666666666
250 2 0.8203125 0.14027777777777778 0.0765625 0.25555555555555554
250 2 0.758203125 0.4638888888888889 0.13671875 0.2111111111111111
251 2 0.762890625 0.48194444444444445 0.14453125 0.21944444444444444
251 2 0.822265625 0.14097222222222222 0.06953125 0.24861111111111112
252 2 0.819531 0.128472 0.0734375 0.256944
252 2 0.7578125 0.48194444444444445 0.1515625 0.21388888888888888
253 2 0.819922 0.130556 0.0726563 0.261111
253 2 0.753125 0.49166666666666664 0.1515625 0.20555555555555555
254 2 0.820312 0.129861 0.0703125 0.259722
254 2 0.74453125 0.48333333333333334 0.1625 0.18055555555555555
255 2 0.821484 0.130556 0.0679687 0.261111
255 2 0.74375 0.4840277777777778 0.1671875 0.20972222222222223
256 2 0.822266 0.129167 0.0679687 0.258333
256 2 0.737109375 0.48333333333333334 0.16796875 0.19444444444444445
257 2 0.738672 0.467361 0.172656 0.176389
257 2 0.823047 0.135417 0.0664062 0.270833
258 2 0.737109 0.474306 0.172656 0.190278
258 2 0.824609 0.143056 0.0664062 0.286111
259 2 0.734766 0.473611 0.172656 0.188889
259 2 0.825391 0.143056 0.0664062 0.286111
260 2 0.826563 0.144444 0.0671875 0.288889
260 2 0.72578125 0.4861111111111111 0.175 0.19722222222222222
261 2 0.828516 0.145139 0.0695312 0.284722
261 2 0.723046875 0.5 0.17890625 0.20833333333333334
262 2 0.722266 0.48125 0.171094 0.190278
262 2 0.829687 0.148611 0.071875 0.283333
263 2 0.719531 0.490972 0.179688 0.198611
263 2 0.831641 0.15 0.0726563 0.280556
264 2 0.834375 0.154861 0.071875 0.273611
264 2 0.70703125 0.49583333333333335 0.178125 0.18611111111111112
265 2 0.835547 0.157639 0.0710938 0.268056
265 2 0.700390625 0.49236111111111114 0.18671875 0.18194444444444444
266 2 0.832812 0.160417 0.0765625 0.270833
266 2 0.696484375 0.5048611111111111 0.19140625 0.19027777777777777
267 2 0.833203 0.160417 0.0757812 0.268056
267 2 0.69609375 0.5006944444444444 0.2 0.19027777777777777
268 2 0.832812 0.1625 0.075 0.263889
268 2 0.69765625 0.49444444444444446 0.2078125 0.20277777777777778
269 2 0.831641 0.163194 0.0757812 0.2625
269 2 0.691796875 0.4965277777777778 0.21640625 0.2152777777777778
270 2 0.830469 0.163889 0.0734375 0.261111
270 2 0.689453125 0.4979166666666667 0.22578125 0.2152777777777778
271 2 0.695703 0.497222 0.214844 0.244444
271 2 0.826953 0.163194 0.0710938 0.248611
272 2 0.688281 0.497917 0.220313 0.234722
272 2 0.826563 0.163194 0.06875 0.248611
273 2 0.826172 0.1625 0.0679687 0.247222
273 2 0.676171875 0.5027777777777778 0.23359375 0.2611111111111111
274 2 0.825391 0.1625 0.0664062 0.247222
274 2 0.667578125 0.5125 0.23828125 0.2833333333333333
275 2 0.824609 0.161806 0.0648438 0.248611
275 2 0.819921875 0.15694444444444444 0.07421875 0.20833333333333334
275 2 0.658203125 0.5131944444444444 0.24609375 0.2763888888888889
276 2 0.824609 0.1625 0.0632813 0.247222
276 2 0.653125 0.50625 0.2421875 0.2902777777777778
277 2 0.825391 0.168056 0.0648438 0.25
277 2 0.64453125 0.5013888888888889 0.24375 0.28055555555555556
278 2 0.63125 0.5006944444444444 0.2375 0.2986111111111111
278 2 0.832421875 0.18888888888888888 0.08203125 0.2638888888888889
279 2 0.826953 0.177083 0.0570313 0.248611
279 2 0.63125 0.5027777777777778 0.259375 0.3055555555555556
280 2 0.830469 0.188889 0.065625 0.258333
280 2 0.6171875 0.5034722222222222 0.240625 0.29583333333333334
281 2 0.832031 0.193056 0.06875 0.255556
281 2 0.605859375 0.4965277777777778 0.24765625 0.2986111111111111
282 2 0.833203 0.19375 0.0710938 0.248611
282 2 0.60078125 0.5034722222222222 0.253125 0.30416666666666664
283 2 0.833203 0.194444 0.0726563 0.244444
283 2 0.59375 0.4951388888888889 0.2484375 0.29305555555555557
284 2 0.599219 0.49375 0.270312 0.320833
284 2 0.832421875 0.19305555555555556 0.07265625 0.24444444444444444
285 2 0.833203125 0.19583333333333333 0.07265625 0.24444444444444444
285 2 0.5921875 0.4965277777777778 0.2484375 0.29305555555555557
286 2 0.833984375 0.1986111111111111 0.07265625 0.24444444444444444
286 2 0.590625 0.5006944444444444 0.2484375 0.29305555555555557
287 2 0.5875 0.5020833333333333 0.2484375 0.29305555555555557
287 2 0.839453125 0.22777777777777777 0.08671875 0.25
288 2 0.838281 0.220139 0.071875 0.256944
288 2 0.5859375 0.5090277777777777 0.2484375 0.29305555555555557
289 2 0.574609 0.474306 0.253906 0.320833
289 2 0.837891 0.224306 0.0726563 0.251389
290 2 0.840625 0.23819444444444443 0.0703125 0.22083333333333333
290 2 0.5484375 0.4875 0.24375 0.3055555555555556
291 2 0.837109375 0.24305555555555555 0.08046875 0.21666666666666667
291 2 0.53984375 0.49583333333333335 0.221875 0.3138888888888889
292 2 0.840234375 0.24930555555555556 0.07421875 0.22916666666666666
292 2 0.5453125 0.4826388888888889 0.25 0.30972222222222223
293 2 0.84140625 0.25625 0.0734375 0.22083333333333333
293 2 0.5296875 0.47847222222222224 0.2234375 0.32083333333333336
294 2 0.841796875 0.2673611111111111 0.07109375 0.22916666666666666
294 2 0.519140625 0.47638888888888886 0.22109375 0.33055555555555555
295 2 0.8421875 0.2791666666666667 0.075 0.23055555555555557
295 2 0.510546875 0.4708333333333333 0.21640625 0.30833333333333335
296 2 0.844141 0.266667 0.0710938 0.236111
296 2 0.501171875 0.47152777777777777 0.23046875 0.32083333333333336
297 2 0.513672 0.470833 0.232031 0.355556
297 2 0.845703 0.273611 0.0710938 0.227778
298 2 0.845312 0.277083 0.0671875 0.220833
298 2 0.504297 0.465972 0.232031 0.351389
299 2 0.492188 0.465278 0.228125 0.35
299 2 0.845703 0.279167 0.0710938 0.213889
300 2 0.852734 0.275 0.0679687 0.208333
300 2 0.47265625 0.46597222222222223 0.225 0.3458333333333333
301 2 0.478516 0.448611 0.230469 0.338889
301 2 0.853515625 0.29583333333333334 0.07109375 0.20833333333333334
302 2 0.466406 0.451389 0.23125 0.352778
302 2 0.8515625 0.30833333333333335 0.0734375 0.2222222222222222
303 2 0.854296875 0.3076388888888889 0.07109375 0.23194444444444445
303 2 0.44609375 0.44027777777777777 0.221875 0.3194444444444444
304 2 0.850781 0.302778 0.0765625 0.236111
304 2 0.43828125 0.4354166666666667 0.2 0.30694444444444446
305 2 0.85 0.302778 0.075 0.233333
305 2 0.426953125 0.4375 0.20390625 0.30277777777777776
306 2 0.849609 0.303472 0.0757812 0.231944
306 2 0.4203125 0.4388888888888889 0.1953125 0.31666666666666665
307 2 0.85 0.304167 0.075 0.233333
307 2 0.405859375 0.42777777777777776 0.18984375 0.33055555555555555
308 2 0.416016 0.427778 0.191406 0.308333
308 2 0.85 0.303472 0.075 0.231944
309 2 0.403516 0.427083 0.203906 0.320833
309 2 0.850391 0.306944 0.0757812 0.233333
310 2 0.852344 0.321528 0.075 0.259722
310 2 0.401563 0.427778 0.2 0.330556
311 2 0.853516 0.323611 0.0773437 0.261111
311 2 0.397266 0.426389 0.200781 0.330556
312 2 0.854297 0.324306 0.0773437 0.259722
312 2 0.392969 0.424306 0.20625 0.345833
313 2 0.855859 0.325694 0.0789063 0.259722
313 2 0.386719 0.41875 0.198437 0.351389
314 2 0.857422 0.329167 0.0789063 0.258333
314 2 0.379687 0.415972 0.196875 0.354167
315 2 0.859375 0.333333 0.0796875 0.25
315 2 0.373047 0.413194 0.191406 0.351389
316 2 0.860156 0.335417 0.078125 0.2375
316 2 0.366016 0.416667 0.185156 0.333333
317 2 0.859766 0.341667 0.0789063 0.236111
317 2 0.362891 0.401389 0.178906 0.327778
318 2 0.857813 0.34375 0.084375 0.240278
318 2 0.353906 0.402778 0.185937 0.333333
319 2 0.856641 0.345139 0.0851562 0.240278
319 2 0.348828 0.396528 0.178906 0.326389
320 2 0.855859 0.345139 0.0835937 0.240278
320 2 0.346094 0.384722 0.173438 0.308333
321 2 0.855859 0.346528 0.0835937 0.2375
321 2 0.3375 0.381944 0.175 0.308333
322 2 0.855469 0.346528 0.0828125 0.234722
322 2 0.328906 0.384722 0.171875 0.311111
323 2 0.855078 0.347222 0.0820312 0.236111
323 2 0.321875 0.374306 0.171875 0.306944
324 2 0.854688 0.347222 0.08125 0.236111
324 2 0.309766 0.373611 0.167969 0.3
325 2 0.854688 0.347222 0.08125 0.236111
325 2 0.302344 0.371528 0.179688 0.304167
326 2 0.854688 0.347222 0.08125 0.236111
326 2 0.296875 0.365972 0.165625 0.301389
327 2 0.854688 0.347222 0.08125 0.236111
327 2 0.289062 0.359722 0.1625 0.3
328 2 0.854688 0.346528 0.08125 0.234722
328 2 0.285156 0.358333 0.165625 0.305556
329 2 0.279687 0.361806 0.176563 0.298611
329 2 0.855078 0.345833 0.0820312 0.238889
330 2 0.855078 0.345833 0.0820312 0.238889
330 2 0.267188 0.359028 0.173438 0.281944
331 2 0.2625 0.352778 0.178125 0.277778
331 2 0.855078 0.345139 0.0820312 0.240278
332 2 0.85625 0.345139 0.084375 0.243056
332 2 0.257812 0.357639 0.165625 0.295833
333 2 0.857813 0.346528 0.0890625 0.2375
333 2 0.257031 0.357639 0.159375 0.306944
334 2 0.248437 0.343056 0.153125 0.286111
334 2 0.860156 0.347917 0.0921875 0.234722
335 2 0.861719 0.348611 0.09375 0.230556
335 2 0.241406 0.336111 0.153125 0.266667
336 2 0.232031 0.330556 0.159375 0.263889
336 2 0.862109 0.348611 0.0945313 0.227778
337 2 0.227734 0.330556 0.158594 0.263889
337 2 0.863281 0.347917 0.096875 0.229167
338 2 0.864844 0.347222 0.1 0.230556
338 2 0.219922 0.327083 0.153906 0.265278
339 2 0.865625 0.345833 0.101562 0.233333
339 2 0.211328 0.325 0.155469 0.277778
340 2 0.867188 0.345139 0.104687 0.231944
340 2 0.205078 0.320139 0.152344 0.273611
341 2 0.86875 0.345139 0.107813 0.231944
341 2 0.199609 0.318056 0.150781 0.286111
342 2 0.868359 0.345833 0.107031 0.233333
342 2 0.196484 0.318056 0.152344 0.294444
343 2 0.868359 0.345833 0.108594 0.230556
343 2 0.191797 0.313889 0.152344 0.283333
344 2 0.86875 0.345833 0.109375 0.230556
344 2 0.183594 0.30625 0.1625 0.290278
345 2 0.868359 0.347917 0.108594 0.229167
345 2 0.180078 0.304167 0.149219 0.291667
346 2 0.868359 0.348611 0.108594 0.227778
346 2 0.176563 0.302083 0.159375 0.304167
347 2 0.86875 0.348611 0.109375 0.227778
347 2 0.169141 0.294444 0.160156 0.294444
348 2 0.869141 0.348611 0.110156 0.227778
348 2 0.160938 0.291667 0.167187 0.305556
349 2 0.153125 0.291667 0.176563 0.311111
349 2 0.87265625 0.35833333333333334 0.115625 0.24722222222222223
350 2 0.869531 0.348611 0.109375 0.227778
350 2 0.146875 0.276389 0.173438 0.272222
351 2 0.148047 0.267361 0.177344 0.273611
351 2 0.869141 0.349306 0.110156 0.226389
352 2 0.143359 0.269444 0.171094 0.258333
352 2 0.869141 0.348611 0.110156 0.227778
353 2 0.869141 0.348611 0.110156 0.227778
353 2 0.1265625 0.2638888888888889 0.1546875 0.28888888888888886
354 2 0.869531 0.348611 0.109375 0.227778
354 2 0.869140625 0.34791666666666665 0.11015625 0.22916666666666666
354 2 0.136328125 0.26805555555555555 0.16640625 0.2638888888888889
355 2 0.869921875 0.34652777777777777 0.11015625 0.22916666666666666
355 2 0.135546875 0.26805555555555555 0.16640625 0.2638888888888889
356 2 0.134765625 0.26805555555555555 0.16640625 0.2638888888888889
356 2 0.87109375 0.3625 0.1109375 0.24444444444444444
357 2 0.129688 0.254861 0.15625 0.281944
357 2 0.869921875 0.34652777777777777 0.11015625 0.22916666666666666
358 2 0.870703125 0.34791666666666665 0.11015625 0.22916666666666666
358 2 0.113671875 0.24444444444444444 0.15859375 0.2972222222222222
359 2 0.869921875 0.34652777777777777 0.11015625 0.22916666666666666
359 2 0.130859375 0.2708333333333333 0.16640625 0.2638888888888889
360 2 0.110546875 0.24583333333333332 0.13828125 0.2638888888888889
360 2 0.87421875 0.35138888888888886 0.1109375 0.25
361 2 0.869921875 0.34652777777777777 0.11015625 0.22916666666666666
361 2 0.11015625 0.24583333333333332 0.1390625 0.2833333333333333
362 2 0.10234375 0.2388888888888889 0.125 0.2611111111111111
362 2 0.86953125 0.35694444444444445 0.1171875 0.24722222222222223
363 2 0.869921875 0.34652777777777777 0.11015625 0.22916666666666666
363 2 0.101171875 0.2625 0.13046875 0.2972222222222222
364 2 0.1 0.2638888888888889 0.1078125 0.2722222222222222
364 2 0.87265625 0.35555555555555557 0.10625 0.24444444444444444
365 2 0.869921875 0.34652777777777777 0.11015625 0.22916666666666666
365 2 0.095703125 0.26458333333333334 0.12578125 0.24583333333333332
366 2 0.09375 0.27291666666666664 0.1140625 0.22361111111111112
366 2 0.8703125 0.35694444444444445 0.1140625 0.2388888888888889
367 2 0.869921875 0.34652777777777777 0.11015625 0.22916666666666666
367 2 0.09765625 0.2659722222222222 0.1 0.22083333333333333
368 2 0.870703125 0.34791666666666665 0.11015625 0.22916666666666666
368 2 0.1015625 0.2777777777777778 0.0859375 0.2222222222222222
369 2 0.869921875 0.34652777777777777 0.11015625 0.22916666666666666
369 2 0.09453125 0.275 0.0796875 0.21944444444444444
370 2 0.870703125 0.34791666666666665 0.11015625 0.22916666666666666
370 2 0.0890625 0.27847222222222223 0.0703125 0.22083333333333333
371 2 0.869921875 0.34652777777777777 0.11015625 0.22916666666666666
371 2 0.0875 0.26458333333333334 0.0703125 0.1736111111111111
372 2 0.870703125 0.34791666666666665 0.11015625 0.22916666666666666
372 2 0.08125 0.25416666666666665 0.0625 0.19166666666666668
373 2 0.869921875 0.34652777777777777 0.11015625 0.22916666666666666
374 2 0.870703125 0.34791666666666665 0.11015625 0.22916666666666666
375 2 0.869921875 0.34652777777777777 0.11015625 0.22916666666666666
376 2 0.870703125 0.34791666666666665 0.11015625 0.22916666666666666
377 2 0.869921875 0.34652777777777777 0.11015625 0.22916666666666666
378 2 0.870703125 0.34791666666666665 0.11015625 0.22916666666666666
379 2 0.869921875 0.34652777777777777 0.11015625 0.22916666666666666
380 2 0.870703125 0.34791666666666665 0.11015625 0.22916666666666666
381 2 0.869921875 0.34652777777777777 0.11015625 0.22916666666666666
382 2 0.864844 0.339583 0.104687 0.248611
383 2 0.864062 0.338194 0.104687 0.256944
384 2 0.866016 0.332639 0.102344 0.270833
385 2 0.863281 0.329167 0.1 0.277778
386 2 0.864453 0.325694 0.0960938 0.2875
387 2 0.863672 0.322917 0.0945313 0.293056
388 2 0.862891 0.322917 0.0929687 0.295833
389 2 0.8625 0.322222 0.0921875 0.3
390 2 0.8625 0.320833 0.090625 0.302778
391 2 0.8625 0.319444 0.090625 0.305556
392 2 0.862891 0.318056 0.0914062 0.308333
393 2 0.862891 0.318056 0.0914062 0.311111
394 2 0.8625 0.317361 0.090625 0.309722
395 2 0.862891 0.317361 0.0914062 0.3125
396 2 0.8625 0.316667 0.0921875 0.311111
397 2 0.8625 0.317361 0.0921875 0.3125
398 2 0.862891 0.317361 0.0929687 0.3125
399 2 0.863281 0.317361 0.09375 0.3125
400 2 0.863281 0.316667 0.09375 0.311111
401 2 0.865234 0.315278 0.0882813 0.305556
402 2 0.862890625 0.32013888888888886 0.08828125 0.29583333333333334
403 2 0.856640625 0.3145833333333333 0.09609375 0.31527777777777777
404 2 0.856641 0.297222 0.0960938 0.255556
405 2 0.854297 0.305556 0.0976562 0.275
406 2 0.851172 0.30625 0.0992187 0.281944
407 2 0.850781 0.304861 0.0984375 0.290278
408 2 0.850391 0.302083 0.0960938 0.293056
409 2 0.850391 0.298611 0.0929687 0.305556
410 2 0.85 0.296528 0.09375 0.309722
411 2 0.849609 0.29375 0.0914062 0.315278
412 2 0.850391 0.296528 0.0914062 0.326389
413 2 0.85 0.290972 0.090625 0.323611
414 2 0.850781 0.288194 0.0890625 0.326389
415 2 0.85 0.286111 0.090625 0.330556
416 2 0.85 0.284028 0.0921875 0.331944
417 2 0.85 0.284722 0.0921875 0.336111
418 2 0.850781 0.282639 0.09375 0.331944
419 2 0.850781 0.284722 0.09375 0.336111
420 2 0.850781 0.282639 0.09375 0.334722
421 2 0.851172 0.284722 0.0929687 0.336111
422 2 0.851562 0.28125 0.0921875 0.331944
423 2 0.851953 0.28125 0.0914062 0.331944
424 2 0.852344 0.281944 0.0921875 0.333333
425 2 0.851562 0.282639 0.0921875 0.334722
426 2 0.851953 0.282639 0.0929687 0.334722
427 2 0.853125 0.281944 0.0921875 0.333333
428 2 0.853516 0.281944 0.0929687 0.333333
429 2 0.853125 0.283333 0.09375 0.336111
430 2 0.853125 0.283333 0.09375 0.336111
431 2 0.853516 0.282639 0.0945313 0.334722
432 2 0.853906 0.283333 0.096875 0.338889
433 2 0.853125 0.282639 0.096875 0.340278
434 2 0.853125 0.281944 0.096875 0.338889
435 2 0.853125 0.281944 0.096875 0.338889
436 2 0.854297 0.281944 0.0976562 0.338889
437 2 0.854297 0.282639 0.0976562 0.340278
438 2 0.854688 0.28125 0.0984375 0.340278
439 2 0.855469 0.28125 0.0984375 0.340278
440 2 0.855859 0.280556 0.0992187 0.338889
441 2 0.855859 0.28125 0.0992187 0.340278
442 2 0.855859 0.279861 0.0992187 0.3375
443 2 0.85625 0.279167 0.1 0.336111
444 2 0.856641 0.279861 0.0992187 0.3375
445 2 0.857031 0.278472 0.1 0.3375
446 2 0.857031 0.279861 0.1 0.3375
447 2 0.857031 0.279861 0.1 0.3375
448 2 0.857031 0.280556 0.1 0.338889
449 2 0.857031 0.279861 0.1 0.3375
450 2 0.857422 0.279861 0.100781 0.3375
451 2 0.857422 0.278472 0.100781 0.3375
452 2 0.857422 0.278472 0.100781 0.3375
453 2 0.857031 0.279167 0.101562 0.338889
454 2 0.857031 0.277778 0.101562 0.336111
455 2 0.857031 0.278472 0.101562 0.3375
456 2 0.857031 0.279167 0.101562 0.336111
457 2 0.85625 0.279861 0.101562 0.3375
458 2 0.856641 0.279861 0.102344 0.3375
459 2 0.856641 0.279861 0.102344 0.3375
460 2 0.856641 0.280556 0.102344 0.338889
461 2 0.857031 0.280556 0.103125 0.338889
462 2 0.857422 0.279861 0.102344 0.3375
463 2 0.857031 0.280556 0.103125 0.338889
464 2 0.856641 0.273611 0.100781 0.325
465 2 0.857031 0.273611 0.101562 0.325
466 2 0.857031 0.274306 0.101562 0.326389
467 2 0.857031 0.274306 0.101562 0.326389
468 2 0.857031 0.275 0.101562 0.327778
469 2 0.857031 0.275694 0.101562 0.329167
470 2 0.857422 0.274306 0.100781 0.326389
471 2 0.857422 0.273611 0.100781 0.325
472 2 0.857422 0.273611 0.100781 0.325
473 2 0.857031 0.272222 0.101562 0.322222
474 2 0.857422 0.272222 0.102344 0.322222
475 2 0.857422 0.272222 0.102344 0.322222
476 2 0.857422 0.272917 0.102344 0.323611
477 2 0.857422 0.272917 0.102344 0.326389
478 2 0.857422 0.275694 0.102344 0.329167
479 2 0.857031 0.274306 0.101562 0.326389
480 2 0.857422 0.275694 0.102344 0.331944
481 2 0.857031 0.276389 0.103125 0.333333
482 2 0.857422 0.275694 0.102344 0.331944
483 2 0.857422 0.276389 0.102344 0.333333
484 2 0.857422 0.276389 0.102344 0.330556
485 2 0.857422 0.277083 0.102344 0.331944
486 2 0.857031 0.272917 0.103125 0.323611
487 2 0.857031 0.270139 0.103125 0.318056
488 2 0.857031 0.270139 0.103125 0.318056
489 2 0.857031 0.270833 0.103125 0.319444
490 2 0.857031 0.271528 0.103125 0.320833
491 2 0.857031 0.271528 0.103125 0.320833
492 2 0.857031 0.272222 0.103125 0.322222
493 2 0.857422 0.272222 0.102344 0.322222
494 2 0.857031 0.272917 0.103125 0.326389
495 2 0.857422 0.273611 0.102344 0.325
496 2 0.857031 0.275 0.103125 0.330556
497 2 0.857031 0.273611 0.103125 0.327778
498 2 0.857422 0.272917 0.102344 0.323611
499 2 0.857031 0.272917 0.101562 0.323611
500 2 0.856641 0.273611 0.100781 0.325
501 2 0.856641 0.272917 0.100781 0.323611
502 2 0.857031 0.273611 0.101562 0.325
503 2 0.857422 0.272917 0.102344 0.323611
504 2 0.857813 0.275 0.101562 0.327778
505 2 0.857031 0.272917 0.101562 0.323611
506 2 0.857031 0.273611 0.101562 0.325
507 2 0.857031 0.272222 0.101562 0.322222
508 2 0.856641 0.272917 0.100781 0.323611
509 2 0.856641 0.273611 0.100781 0.322222
510 2 0.856641 0.272917 0.100781 0.323611
511 2 0.856641 0.272917 0.100781 0.320833
512 2 0.857031 0.272917 0.101562 0.323611
513 2 0.857422 0.271528 0.102344 0.320833
514 2 0.857422 0.270833 0.102344 0.319444
515 2 0.857031 0.271528 0.101562 0.320833
516 2 0.857031 0.272917 0.101562 0.323611
517 2 0.857031 0.273611 0.101562 0.325
518 2 0.857031 0.273611 0.101562 0.325
519 2 0.857031 0.275 0.101562 0.327778
520 2 0.857031 0.275 0.101562 0.327778
521 2 0.856641 0.275 0.100781 0.327778
522 2 0.856641 0.273611 0.0992187 0.325
523 2 0.85625 0.275694 0.1 0.326389
524 2 0.85625 0.275 0.0984375 0.325
525 2 0.85625 0.275694 0.1 0.326389
526 2 0.856641 0.273611 0.0992187 0.322222
527 2 0.856641 0.274306 0.0992187 0.323611
528 2 0.856641 0.272917 0.0992187 0.320833
529 2 0.856641 0.272917 0.0992187 0.320833
530 2 0.857031 0.271528 0.1 0.320833
531 2 0.856641 0.273611 0.0992187 0.325
532 2 0.856641 0.272917 0.0992187 0.323611
533 2 0.856641 0.274306 0.0992187 0.326389
534 2 0.857031 0.274306 0.1 0.326389
535 2 0.856641 0.275 0.0992187 0.327778
536 2 0.856641 0.275 0.0992187 0.327778
537 2 0.856641 0.275694 0.0992187 0.329167
538 2 0.856641 0.277778 0.100781 0.330556
539 2 0.856641 0.277083 0.100781 0.331944
540 2 0.857031 0.277778 0.1 0.333333
541 2 0.856641 0.276389 0.100781 0.330556
542 2 0.857031 0.276389 0.1 0.330556
543 2 0.856641 0.277083 0.100781 0.331944
544 2 0.856641 0.277083 0.100781 0.331944
545 2 0.856641 0.277778 0.100781 0.333333
546 2 0.856641 0.277778 0.0992187 0.330556
547 2 0.856641 0.276389 0.0992187 0.327778
548 2 0.856641 0.276389 0.0992187 0.327778
549 2 0.857031 0.277083 0.0984375 0.329167
550 2 0.856641 0.277083 0.0992187 0.329167
551 2 0.856641 0.277083 0.0992187 0.329167
552 2 0.856641 0.277083 0.0992187 0.331944
553 2 0.856641 0.276389 0.0992187 0.330556
554 2 0.856641 0.276389 0.0992187 0.330556
555 2 0.856641 0.275694 0.0992187 0.329167
556 2 0.85625 0.275694 0.0984375 0.329167
557 2 0.856641 0.276389 0.0976562 0.330556
558 2 0.856641 0.275694 0.0976562 0.326389
559 2 0.856641 0.277083 0.0976562 0.329167
560 2 0.857813 0.275694 0.0953125 0.326389
561 2 0.857813 0.277778 0.09375 0.327778
562 2 0.858984 0.278472 0.0945313 0.329167
563 2 0.859766 0.279167 0.0960938 0.330556
564 2 0.860547 0.276389 0.0960938 0.325
565 2 0.861328 0.278472 0.0945313 0.343056
566 2 0.860156 0.273611 0.0953125 0.319444
567 2 0.859766 0.274306 0.0960938 0.320833
568 2 0.859766 0.275 0.0960938 0.319444
569 2 0.858984 0.277083 0.0960938 0.323611
570 2 0.858984 0.279167 0.0960938 0.327778
571 2 0.858594 0.279861 0.096875 0.329167
572 2 0.858594 0.28125 0.0953125 0.331944
573 2 0.857813 0.281944 0.09375 0.330556
574 2 0.858594 0.280556 0.0859375 0.325
575 2 0.85625 0.282639 0.0875 0.331944
576 2 0.853125 0.285417 0.0859375 0.329167
577 2 0.854688 0.286111 0.0875 0.330556
578 2 0.855859 0.2875 0.0914062 0.333333
579 2 0.85625 0.288194 0.0984375 0.331944
580 2 0.857031 0.288889 0.101562 0.333333
581 2 0.857813 0.288889 0.104687 0.325
582 2 0.860156 0.291667 0.101562 0.327778
583 2 0.861328 0.291667 0.107031 0.327778
584 2 0.862109 0.291667 0.108594 0.330556
585 2 0.862109 0.290972 0.108594 0.329167
586 2 0.8625 0.291667 0.109375 0.330556
587 2 0.8625 0.291667 0.109375 0.333333
588 2 0.862891 0.291667 0.108594 0.330556
589 2 0.862109 0.291667 0.107031 0.330556
590 2 0.860547 0.292361 0.103906 0.329167
591 2 0.858984 0.293056 0.102344 0.327778
592 2 0.857031 0.290278 0.1 0.330556
593 2 0.85625 0.288889 0.096875 0.333333
594 2 0.855469 0.291667 0.0953125 0.333333
595 2 0.855078 0.290278 0.0945313 0.338889
596 2 0.854688 0.2875 0.09375 0.336111
597 2 0.853906 0.276389 0.096875 0.311111
598 2 0.853906 0.280556 0.0953125 0.322222
599 2 0.854297 0.280556 0.0945313 0.313889
600 2 0.855859 0.280556 0.0945313 0.322222
601 2 0.855469 0.28125 0.0953125 0.320833
602 2 0.855078 0.28125 0.0960938 0.323611
603 2 0.853516 0.279861 0.0992187 0.323611
604 2 0.858594 0.277083 0.0859375 0.3125
605 2 0.85859375 0.27291666666666664 0.090625 0.2902777777777778
606 2 0.873046875 0.24930555555555556 0.06171875 0.24861111111111112
612 2 0.830078125 0.30069444444444443 0.05234375 0.26805555555555555
613 2 0.84765625 0.2826388888888889 0.08125 0.30416666666666664
614 2 0.85 0.2875 0.0921875 0.3194444444444444
615 2 0.855078125 0.2791666666666667 0.08203125 0.33055555555555555
616 2 0.853125 0.278472 0.101562 0.329167
617 2 0.855078 0.275694 0.0992187 0.320833
618 2 0.855469 0.275694 0.0984375 0.323611
619 2 0.854688 0.276389 0.0984375 0.322222
620 2 0.857422 0.277083 0.0945313 0.326389
621 2 0.857031 0.277083 0.096875 0.323611
622 2 0.857031 0.277778 0.096875 0.322222
623 2 0.856641 0.276389 0.0960938 0.322222
624 2 0.856641 0.275 0.0960938 0.322222
625 2 0.85625 0.275 0.096875 0.322222
626 2 0.856641 0.275 0.0960938 0.322222
627 2 0.85625 0.274306 0.096875 0.323611
628 2 0.856641 0.275 0.0960938 0.322222
629 2 0.85625 0.275694 0.096875 0.323611
630 2 0.85625 0.274306 0.096875 0.323611
631 2 0.85625 0.275694 0.096875 0.323611
632 2 0.85625 0.275 0.096875 0.322222
633 2 0.85625 0.275694 0.096875 0.323611
634 2 0.856641 0.275694 0.0960938 0.323611
635 2 0.85625 0.276389 0.096875 0.322222
636 2 0.855469 0.276389 0.096875 0.325
637 2 0.855859 0.276389 0.0976562 0.325
638 2 0.855859 0.276389 0.0976562 0.325
639 2 0.855859 0.275694 0.0976562 0.323611
640 2 0.85625 0.275694 0.096875 0.323611
641 2 0.855469 0.275694 0.096875 0.323611
642 2 0.855078 0.274306 0.0960938 0.323611
643 2 0.854297 0.274306 0.0960938 0.323611
644 2 0.855078 0.272917 0.0945313 0.320833
645 2 0.852734 0.275 0.0976562 0.336111
646 2 0.852344 0.274306 0.0953125 0.340278
647 2 0.851562 0.270139 0.0921875 0.343056
648 2 0.850391 0.265972 0.0914062 0.318056
649 2 0.853906 0.261806 0.0859375 0.3125
650 2 0.854297 0.259028 0.0882813 0.318056
651 2 0.853516 0.259722 0.0867188 0.319444
652 2 0.851953 0.263889 0.0851562 0.35
653 2 0.850781 0.263194 0.08125 0.351389
654 2 0.850781 0.261111 0.0828125 0.355556
655 2 0.850781 0.259722 0.0828125 0.355556
656 2 0.850781 0.258333 0.08125 0.355556
657 2 0.851953 0.247917 0.0804688 0.329167
658 2 0.850781 0.256944 0.08125 0.355556
659 2 0.851172 0.256944 0.0804688 0.355556
660 2 0.853125 0.25 0.08125 0.333333
661 2 0.851953 0.257639 0.0820312 0.359722
662 2 0.853516 0.25 0.0835937 0.333333
663 2 0.855469 0.248611 0.0875 0.333333
664 2 0.855859 0.251389 0.0882813 0.336111
665 2 0.855859 0.252778 0.0867188 0.336111
666 2 0.855859 0.252083 0.0867188 0.334722
667 2 0.85625 0.251389 0.0875 0.336111
668 2 0.856641 0.250694 0.0882813 0.334722
669 2 0.85625 0.250694 0.0890625 0.334722
670 2 0.855859 0.252778 0.0898438 0.336111
671 2 0.855469 0.252778 0.0890625 0.336111
672 2 0.855859 0.253472 0.0898438 0.3375
673 2 0.856641 0.252778 0.0898438 0.338889
674 2 0.856641 0.251389 0.0898438 0.338889
675 2 0.85625 0.251389 0.0890625 0.338889
676 2 0.85625 0.250694 0.0890625 0.3375
677 2 0.857031 0.251389 0.0890625 0.338889
678 2 0.854688 0.259722 0.0875 0.366667
679 2 0.853906 0.259722 0.0890625 0.366667
680 2 0.856641 0.252778 0.0898438 0.341667
681 2 0.857031 0.253472 0.090625 0.340278
682 2 0.857422 0.252778 0.0898438 0.341667
683 2 0.857422 0.253472 0.0898438 0.340278
684 2 0.857422 0.252778 0.0898438 0.341667
685 2 0.857031 0.252778 0.090625 0.341667
686 2 0.856641 0.252083 0.0898438 0.340278
687 2 0.856641 0.251389 0.0898438 0.338889
688 2 0.857422 0.252083 0.0898438 0.340278
689 2 0.857031 0.25 0.090625 0.338889
690 2 0.857031 0.252083 0.090625 0.340278
691 2 0.854297 0.259028 0.0898438 0.368056
692 2 0.856641 0.250694 0.0914062 0.340278
693 2 0.856641 0.250694 0.0914062 0.340278
694 2 0.857031 0.249306 0.090625 0.3375
695 2 0.857031 0.249306 0.090625 0.3375
696 2 0.857422 0.249306 0.0914062 0.3375
697 2 0.857031 0.25 0.0921875 0.336111
698 2 0.858203 0.249306 0.0929687 0.3375
699 2 0.858594 0.247917 0.0921875 0.334722
700 2 0.858594 0.247917 0.0921875 0.334722
701 2 0.858203 0.248611 0.0929687 0.336111
702 2 0.858203 0.248611 0.0929687 0.336111
703 2 0.858203 0.248611 0.0929687 0.336111
704 2 0.858203 0.248611 0.0929687 0.336111
705 2 0.858594 0.248611 0.0921875 0.336111
706 2 0.858594 0.248611 0.0921875 0.336111
707 2 0.858594 0.248611 0.0921875 0.338889
708 2 0.858984 0.25 0.0929687 0.338889
709 2 0.858594 0.249306 0.09375 0.340278
710 2 0.858594 0.25 0.09375 0.341667
711 2 0.858594 0.25 0.09375 0.338889
712 2 0.858203 0.248611 0.0929687 0.336111
713 2 0.858203 0.249306 0.0929687 0.3375
714 2 0.858203 0.249306 0.0929687 0.3375
715 2 0.858594 0.248611 0.09375 0.338889
716 2 0.858594 0.248611 0.09375 0.338889
717 2 0.858594 0.247917 0.09375 0.340278
718 2 0.858594 0.247917 0.09375 0.3375
719 2 0.858594 0.247917 0.09375 0.3375
720 2 0.858203 0.249306 0.0929687 0.3375
721 2 0.858203 0.247917 0.0929687 0.3375
722 2 0.858203 0.247917 0.0929687 0.3375
723 2 0.858203 0.247917 0.0929687 0.3375
724 2 0.858594 0.247917 0.09375 0.3375
725 2 0.858594 0.247917 0.09375 0.3375
726 2 0.858594 0.247222 0.0921875 0.336111
727 2 0.858594 0.247222 0.0921875 0.336111
728 2 0.858984 0.247222 0.0929687 0.336111
729 2 0.859375 0.246528 0.0921875 0.334722
730 2 0.858984 0.245833 0.0929687 0.336111
731 2 0.858984 0.244444 0.0929687 0.336111
732 2 0.858594 0.245833 0.09375 0.336111
733 2 0.858984 0.245833 0.0945313 0.336111
734 2 0.858984 0.244444 0.0945313 0.336111
735 2 0.858594 0.247222 0.0953125 0.338889
736 2 0.858203 0.248611 0.0960938 0.338889
737 2 0.857813 0.25 0.096875 0.338889
738 2 0.857031 0.249306 0.0984375 0.3375
739 2 0.857813 0.251389 0.1 0.341667
740 2 0.857813 0.249306 0.101562 0.343056
741 2 0.858594 0.247917 0.101562 0.345833
742 2 0.858203 0.247222 0.102344 0.347222
743 2 0.857422 0.247222 0.103906 0.347222
744 2 0.857422 0.247917 0.103906 0.345833
745 2 0.859375 0.251389 0.096875 0.344444
746 2 0.859766 0.250694 0.0960938 0.345833
747 2 0.859766 0.250694 0.0960938 0.345833
748 2 0.859766 0.249306 0.0960938 0.348611
749 2 0.859766 0.248611 0.0960938 0.347222
750 2 0.859766 0.249306 0.0960938 0.345833
751 2 0.859766 0.249306 0.0960938 0.345833
752 2 0.860156 0.247917 0.0984375 0.345833
753 2 0.860156 0.247917 0.0984375 0.345833
754 2 0.860156 0.247222 0.0984375 0.347222
755 2 0.860156 0.249306 0.0984375 0.343056
756 2 0.859375 0.25 0.101562 0.344444
757 2 0.859375 0.247222 0.104687 0.344444
758 2 0.858984 0.247917 0.108594 0.348611
759 2 0.857031 0.247917 0.120312 0.351389
760 2 0.85625 0.249306 0.126563 0.356944
761 2 0.857031 0.247222 0.128125 0.363889
762 2 0.855078 0.247222 0.130469 0.366667
763 2 0.853906 0.245833 0.132812 0.372222
764 2 0.854297 0.246528 0.133594 0.373611
765 2 0.853906 0.247222 0.134375 0.372222
766 2 0.852344 0.248611 0.132812 0.369444
767 2 0.851562 0.249306 0.134375 0.370833
768 2 0.850391 0.250694 0.135156 0.373611
769 2 0.849609 0.250694 0.135156 0.373611
770 2 0.849219 0.25 0.132812 0.369444
771 2 0.851562 0.24375 0.125 0.3625
772 2 0.854297 0.238194 0.117969 0.345833
773 2 0.855078 0.240972 0.113281 0.343056
774 2 0.855469 0.252778 0.110937 0.35
775 2 0.855078 0.254861 0.108594 0.348611
776 2 0.853516 0.25625 0.103906 0.343056
777 2 0.852734 0.263194 0.0992187 0.368056
778 2 0.851953 0.265972 0.0914062 0.365278
779 2 0.852344 0.265972 0.0921875 0.365278
780 2 0.852344 0.267361 0.090625 0.365278
781 2 0.851172 0.269444 0.0835937 0.363889
782 2 0.851953 0.273611 0.0820312 0.35
783 2 0.853516 0.272222 0.0867188 0.341667
784 2 0.857813 0.278472 0.0953125 0.340278
785 2 0.864453 0.284722 0.110156 0.338889
786 2 0.86875 0.283333 0.11875 0.330556
787 2 0.876562 0.286111 0.13125 0.319444
788 2 0.883594 0.289583 0.125 0.309722
789 2 0.898828 0.290278 0.121094 0.319444
790 2 0.900781 0.301389 0.123438 0.327778
791 2 0.902734 0.302778 0.128906 0.316667
792 2 0.902734 0.306944 0.128906 0.313889
793 2 0.907031 0.313194 0.134375 0.315278
794 2 0.912109 0.31875 0.136719 0.309722
795 2 0.919531 0.327778 0.14375 0.35
796 2 0.924609 0.333333 0.150781 0.347222
797 2 0.925 0.342361 0.15 0.334722
798 2 0.932813 0.349306 0.13125 0.331944
799 2 0.933984 0.345833 0.127344 0.338889
800 2 0.936719 0.361806 0.125 0.381944
801 2 0.9375 0.361806 0.120312 0.395833
802 2 0.941406 0.355556 0.110937 0.425
803 2 0.944141 0.354861 0.103906 0.409722
804 2 0.950390625 0.43680555555555556 0.09765625 0.2875
805 2 0.948828125 0.4479166666666667 0.09296875 0.2569444444444444
806 2 0.958984375 0.46041666666666664 0.08046875 0.22083333333333333
807 2 0.9609375 0.45694444444444443 0.0765625 0.21666666666666667
808 2 0.9609375 0.45694444444444443 0.0765625 0.21666666666666667
809 2 0.962109375 0.4597222222222222 0.07578125 0.21666666666666667
810 2 0.962890625 0.4597222222222222 0.07421875 0.21666666666666667
811 2 0.962890625 0.4597222222222222 0.07421875 0.21666666666666667
812 2 0.963671875 0.45694444444444443 0.07265625 0.21666666666666667
813 2 0.963671875 0.45694444444444443 0.07265625 0.21666666666666667
814 2 0.963671875 0.45694444444444443 0.07265625 0.21666666666666667
815 2 0.9671875 0.4131944444444444 0.0640625 0.34305555555555556
816 2 0.96640625 0.40902777777777777 0.065625 0.3541666666666667
817 2 0.969141 0.4375 0.0617188 0.325
818 2 0.967578 0.408333 0.0632813 0.366667
819 2 0.967578 0.406944 0.0632813 0.372222
820 2 0.972656 0.404861 0.0546875 0.368056
821 2 0.967578 0.395833 0.0648438 0.344444
822 2 0.963281 0.403472 0.071875 0.368056
823 2 0.964063 0.409722 0.0703125 0.397222
824 2 0.9625 0.405556 0.0734375 0.405556
825 2 0.957422 0.391667 0.0835937 0.366667
826 2 0.954297 0.378472 0.0898438 0.3625
827 2 0.953516 0.364583 0.0914062 0.345833
828 2 0.947266 0.352778 0.103906 0.325
829 2 0.947266 0.36875 0.102344 0.373611
830 2 0.94375 0.361111 0.101562 0.361111
831 2 0.942969 0.365972 0.10625 0.365278
832 2 0.94375 0.361806 0.104687 0.3625
833 2 0.941797 0.35 0.116406 0.333333
834 2 0.944531 0.353472 0.10625 0.348611
835 2 0.941016 0.352083 0.117969 0.3375
836 2 0.940625 0.351389 0.11875 0.341667
837 2 0.940625 0.352083 0.11875 0.345833
838 2 0.939844 0.352083 0.120312 0.348611
839 2 0.936719 0.36875 0.125 0.368056
840 2 0.933984 0.355556 0.128906 0.358333
841 2 0.932813 0.347222 0.129688 0.352778
842 2 0.930469 0.345139 0.134375 0.356944
843 2 0.928906 0.355556 0.132812 0.372222
844 2 0.928516 0.354861 0.133594 0.376389
845 2 0.924609 0.340278 0.136719 0.355556
846 2 0.924219 0.334722 0.134375 0.352778
847 2 0.923437 0.331944 0.135937 0.347222
848 2 0.923437 0.342361 0.135937 0.368056
849 2 0.921875 0.342361 0.134375 0.368056
850 2 0.921094 0.345139 0.134375 0.370833
851 2 0.919922 0.343056 0.135156 0.372222
852 2 0.916406 0.341667 0.134375 0.372222
853 2 0.914062 0.339583 0.132812 0.379167
854 2 0.912109 0.336111 0.132031 0.386111
855 2 0.908203 0.329167 0.139844 0.386111
856 2 0.908203 0.328472 0.146094 0.3875
857 2 0.90625 0.323611 0.14375 0.388889
858 2 0.904297 0.324306 0.146094 0.395833
859 2 0.901953 0.322222 0.144531 0.394444
860 2 0.903906 0.314583 0.139062 0.384722
861 2 0.903516 0.309722 0.139844 0.380556
862 2 0.900781 0.292361 0.1375 0.356944
863 2 0.896875 0.29375 0.135937 0.368056
864 2 0.89375 0.295139 0.132812 0.373611
865 2 0.892969 0.294444 0.135937 0.377778
866 2 0.887109 0.299306 0.147656 0.379167
867 2 0.886719 0.295833 0.148438 0.380556
868 2 0.884766 0.297222 0.149219 0.380556
869 2 0.883984 0.296528 0.150781 0.381944
870 2 0.882812 0.297917 0.148438 0.381944
871 2 0.88125 0.295833 0.14375 0.383333
872 2 0.882031 0.289583 0.1375 0.373611
873 2 0.880469 0.285417 0.139062 0.370833
874 2 0.878516 0.275694 0.128906 0.329167
875 2 0.878516 0.283333 0.136719 0.369444
876 2 0.877734 0.283333 0.136719 0.372222
877 2 0.877734 0.284722 0.136719 0.372222
878 2 0.876562 0.285417 0.132812 0.376389
879 2 0.876562 0.286111 0.132812 0.377778
880 2 0.876562 0.285417 0.132812 0.376389
881 2 0.874609 0.285417 0.130469 0.376389
882 2 0.875 0.284722 0.134375 0.372222
883 2 0.875 0.284722 0.135937 0.372222
884 2 0.874609 0.284028 0.133594 0.370833
885 2 0.876172 0.283333 0.136719 0.369444
886 2 0.875781 0.284722 0.132812 0.372222
887 2 0.877344 0.284028 0.1375 0.368056
888 2 0.877344 0.286111 0.134375 0.372222
889 2 0.876562 0.284722 0.134375 0.372222
890 2 0.876172 0.284722 0.133594 0.375
891 2 0.875391 0.284028 0.132031 0.373611
892 2 0.875781 0.285417 0.132812 0.373611
893 2 0.876172 0.284722 0.130469 0.375
894 2 0.876172 0.285417 0.128906 0.373611
895 2 0.876172 0.285417 0.128906 0.373611
896 2 0.876562 0.286111 0.128125 0.372222
897 2 0.882031 0.288889 0.123438 0.363889
898 2 0.883984 0.290278 0.121094 0.366667
899 2 0.88125 0.288889 0.121875 0.369444
900 2 0.882031 0.289583 0.120312 0.368056
901 2 0.882031 0.289583 0.117188 0.368056
902 2 0.882812 0.289583 0.115625 0.368056
903 2 0.882031 0.289583 0.114063 0.368056
904 2 0.881641 0.289583 0.114844 0.368056
905 2 0.88125 0.289583 0.114063 0.368056
906 2 0.884766 0.289583 0.114844 0.365278
907 2 0.884766 0.288889 0.114844 0.363889
908 2 0.884375 0.288889 0.114063 0.361111
909 2 0.883984 0.288889 0.113281 0.363889
910 2 0.884766 0.289583 0.113281 0.365278
911 2 0.883984 0.288889 0.113281 0.363889
912 2 0.88125 0.282639 0.121875 0.368056
913 2 0.879297 0.282639 0.127344 0.370833
914 2 0.878125 0.282639 0.128125 0.370833
915 2 0.875781 0.282639 0.129688 0.376389
916 2 0.875391 0.28125 0.130469 0.376389
917 2 0.874219 0.280556 0.126563 0.380556
918 2 0.873828 0.280556 0.127344 0.383333
919 2 0.873828 0.279861 0.127344 0.381944
920 2 0.873828 0.28125 0.128906 0.384722
921 2 0.873438 0.28125 0.128125 0.384722
922 2 0.873438 0.28125 0.128125 0.384722
923 2 0.873828 0.28125 0.127344 0.384722
924 2 0.873438 0.280556 0.126563 0.383333
925 2 0.873828 0.28125 0.127344 0.384722
926 2 0.873828 0.280556 0.127344 0.383333
927 2 0.873828 0.280556 0.127344 0.383333
928 2 0.877344 0.281944 0.128125 0.377778
929 2 0.883594 0.28125 0.11875 0.370833
930 2 0.882812 0.289583 0.109375 0.370833
931 2 0.882812 0.290278 0.109375 0.372222
932 2 0.882422 0.290278 0.108594 0.372222
